episode,steps,avg_reward,avg_length,win_rate_a,wins_a,wins_b,draws,fps,avg_tank_dist,tank_policy_type
10,8000,-1297.5342,200.00,10.00,1,9,0,486.91,8.87,G5_M2_C3
20,15868,-1268.6061,198.35,10.00,2,18,0,495.29,9.19,G7_M4_C9
30,23868,-1602.3747,198.90,10.00,3,27,0,507.32,9.88,G11_M5_C14
40,31868,-1803.0547,199.18,7.50,3,37,0,513.66,10.82,G15_M6_C19
50,39868,-1999.6263,199.34,6.00,3,47,0,509.34,11.27,G21_M7_C22
60,47748,-1782.1967,198.95,6.67,4,56,0,510.94,10.82,G25_M10_C25
70,55376,-1537.3338,197.77,17.14,12,58,0,511.81,10.14,G28_M15_C27
80,63104,-1488.5979,197.20,21.25,17,63,0,516.33,10.05,G32_M16_C32
90,71104,-1427.6985,197.51,20.00,18,72,0,513.96,9.97,G34_M18_C38
100,79104,-1416.3711,197.76,20.00,20,80,0,513.00,10.06,G37_M20_C43
110,87104,-1349.1492,197.76,20.00,22,88,0,516.33,10.02,G42_M21_C47
120,95104,-1299.0981,198.09,20.83,25,95,0,516.61,10.00,G45_M25_C50
130,103104,-1195.2842,198.09,22.31,29,101,0,518.26,9.90,G52_M26_C52
140,111104,-1116.4247,198.09,20.71,29,111,0,520.24,9.69,G59_M27_C54
150,119104,-908.1676,198.09,20.67,31,119,0,523.09,9.29,G64_M28_C58
160,127104,-910.6297,198.39,21.25,34,126,0,525.00,9.30,G69_M29_C62
170,134860,-935.6104,198.71,21.76,37,133,0,522.51,9.39,G75_M32_C63
180,142824,-944.3645,199.30,21.11,38,142,0,522.65,9.54,G82_M32_C66
190,150824,-884.5169,199.30,20.53,39,151,0,523.89,9.29,G88_M34_C68
200,158824,-831.8784,199.30,20.00,40,160,0,525.15,9.29,G93_M36_C71
210,166824,-829.5364,199.30,20.00,42,168,0,525.97,9.24,G99_M38_C73
220,174716,-812.2901,199.03,20.00,44,176,0,527.12,9.19,G102_M39_C79
230,182716,-737.8845,199.03,19.57,45,185,0,528.55,8.96,G108_M40_C82
240,190608,-663.0217,198.76,20.42,49,191,0,529.78,8.71,G114_M41_C85
250,198500,-699.3326,198.49,22.00,55,195,0,528.89,8.72,G119_M42_C89
260,206500,-698.7479,198.49,22.31,58,202,0,528.10,8.72,G120_M43_C97
270,214500,-690.4226,199.10,22.96,62,208,0,528.05,8.69,G125_M46_C99
280,222420,-659.5006,198.99,23.93,67,213,0,528.37,8.43,G131_M48_C101
290,230328,-719.9082,198.76,24.83,72,218,0,527.32,8.66,G140_M49_C101
300,237460,-695.9130,196.59,26.33,79,221,0,526.69,8.40,G145_M49_C106
310,245236,-663.0057,196.03,25.81,80,230,0,527.31,8.30,G149_M51_C110
320,253236,-692.0463,196.30,25.94,83,237,0,527.92,8.28,G155_M53_C112
330,261236,-753.4237,196.30,25.45,84,246,0,527.04,8.59,G160_M53_C117
340,269236,-745.8298,196.57,24.71,84,256,0,526.03,8.54,G168_M54_C118
350,277236,-755.1246,196.84,24.29,85,265,0,527.00,8.68,G173_M54_C123
360,285120,-728.8599,196.55,23.61,85,275,0,527.78,8.64,G178_M55_C127
370,292856,-762.1787,195.89,23.24,86,284,0,528.22,8.84,G183_M56_C131
380,300856,-731.3927,196.09,22.63,86,294,0,528.99,8.96,G190_M56_C134
390,308828,-694.7303,196.25,22.05,86,304,0,529.41,8.88,G190_M59_C141
400,316572,-752.9935,197.78,21.50,86,314,0,529.78,8.89,G193_M62_C145
410,324572,-843.8883,198.34,20.98,86,324,0,529.42,9.20,G198_M63_C149
420,332572,-851.9734,198.34,20.48,86,334,0,528.67,9.17,G205_M64_C151
430,340572,-876.2441,198.34,20.00,86,344,0,529.30,9.19,G210_M65_C155
440,348572,-825.9277,198.34,19.55,86,354,0,529.48,9.02,G216_M68_C156
450,356572,-786.6188,198.34,19.33,87,363,0,529.48,8.86,G220_M71_C159
460,364376,-853.0874,198.14,19.13,88,372,0,530.05,9.08,G222_M72_C166
470,372376,-869.3687,198.80,18.72,88,382,0,530.61,9.18,G227_M72_C171
480,380184,-882.8760,198.32,18.33,88,392,0,531.17,9.21,G230_M73_C177
490,388184,-871.6418,198.39,18.16,89,401,0,530.96,9.17,G235_M74_C181
500,396184,-855.7438,199.03,18.20,91,409,0,530.76,9.41,G241_M74_C185
510,404184,-826.6209,199.03,17.84,91,419,0,531.08,9.37,G247_M74_C189
520,412184,-817.8748,199.03,17.88,93,427,0,531.37,9.39,G254_M75_C191
530,420184,-783.3778,199.03,17.55,93,437,0,530.96,9.50,G259_M76_C195
540,428184,-821.0857,199.03,17.41,94,446,0,530.92,9.73,G263_M77_C200
550,436184,-803.4578,199.03,17.09,94,456,0,530.29,9.75,G271_M78_C201
560,444184,-836.8791,199.52,17.50,98,462,0,529.65,9.86,G279_M79_C202
570,452184,-900.5229,199.52,17.37,99,471,0,528.94,10.16,G284_M80_C206
580,460184,-997.7642,200.00,18.28,106,474,0,528.67,10.54,G291_M80_C209
590,468184,-992.5225,200.00,18.81,111,479,0,528.68,10.50,G296_M83_C211
600,476184,-938.1369,200.00,19.00,114,486,0,529.01,10.15,G300_M84_C216
610,484184,-909.9513,200.00,18.85,115,495,0,529.14,10.07,G307_M86_C217
620,492028,-883.9598,199.61,18.71,116,504,0,529.23,10.09,G311_M88_C221
630,499792,-798.7837,199.02,18.57,117,513,0,529.12,9.47,G316_M93_C221
640,507792,-791.1180,199.02,19.06,122,518,0,529.50,9.30,G321_M95_C224
650,515792,-768.2506,199.02,19.38,126,524,0,529.37,9.15,G328_M95_C227
660,523792,-741.5150,199.02,19.39,128,532,0,528.90,9.21,G333_M97_C230
670,531792,-711.7903,199.02,19.40,130,540,0,529.34,9.00,G335_M98_C237
680,539792,-707.7958,199.02,19.56,133,547,0,529.94,8.78,G343_M98_C239
690,547792,-692.9904,199.02,19.57,135,555,0,530.37,8.80,G348_M99_C243
700,555792,-702.9108,199.02,19.43,136,564,0,530.71,8.94,G356_M100_C244
710,563792,-736.8561,199.02,19.72,140,570,0,530.71,8.98,G360_M104_C246
720,571792,-749.8877,199.41,19.86,143,577,0,531.10,9.04,G362_M107_C251
730,579728,-813.7156,199.84,19.73,144,586,0,530.93,9.35,G368_M107_C255
740,587728,-845.7750,199.84,19.46,144,596,0,530.45,9.71,G375_M107_C258
750,595728,-882.4200,199.84,19.20,144,606,0,530.42,10.01,G381_M108_C261
760,603728,-787.5917,199.84,19.21,146,614,0,530.56,9.51,G387_M108_C265
770,611728,-710.4507,199.84,19.35,149,621,0,530.46,9.25,G394_M108_C268
780,619692,-622.0084,199.75,19.10,149,631,0,530.46,9.02,G400_M108_C272
790,627508,-629.5344,199.29,18.86,149,641,0,530.39,8.99,G406_M112_C272
800,635504,-601.6467,199.28,18.88,151,649,0,530.86,8.81,G411_M112_C277
810,643504,-564.5335,199.28,19.01,154,656,0,530.45,8.74,G414_M114_C282
820,651504,-537.0059,199.28,19.02,156,664,0,529.84,8.67,G419_M116_C285
830,659504,-489.9021,199.44,19.16,159,671,0,529.85,8.47,G424_M119_C287
840,667504,-447.1559,199.44,19.40,163,677,0,529.97,8.10,G426_M121_C293
850,674928,-423.9792,198.00,19.53,166,684,0,530.13,7.81,G431_M123_C296
860,682928,-497.5327,198.00,19.30,166,694,0,530.40,8.17,G435_M124_C301
870,690812,-558.1793,197.71,19.20,167,703,0,530.85,8.34,G440_M124_C306
880,698812,-558.1890,197.80,19.09,168,712,0,531.12,8.44,G446_M126_C308
890,706812,-583.4202,198.26,19.10,170,720,0,531.23,8.52,G453_M126_C311
900,714812,-620.8254,198.27,18.89,170,730,0,530.99,8.62,G459_M127_C314
910,722812,-590.7509,198.27,18.68,170,740,0,531.23,8.51,G465_M128_C317
920,730812,-598.3906,198.27,18.70,172,748,0,531.61,8.49,G470_M128_C322
930,738736,-631.7652,198.08,18.49,172,758,0,531.67,8.57,G475_M131_C324
940,746736,-664.6925,198.08,18.40,173,767,0,532.11,8.78,G482_M131_C327
950,754628,-693.8792,199.25,18.32,174,776,0,532.47,8.93,G487_M132_C331
960,762628,-645.8400,199.25,18.23,175,785,0,532.88,8.66,G493_M133_C334
970,770628,-617.3663,199.54,18.14,176,794,0,532.91,8.54,G496_M135_C339
980,778628,-571.4084,199.54,18.37,180,800,0,532.24,8.29,G499_M137_C344
990,786628,-577.5561,199.54,18.28,181,809,0,531.89,8.33,G503_M139_C348
1000,794628,-663.7331,199.54,18.30,183,817,0,531.84,8.59,G508_M140_C352
1010,802500,-655.0085,199.22,18.71,189,821,0,531.40,8.55,G512_M141_C357
1020,810404,-641.5477,198.98,18.82,192,828,0,530.98,8.45,G517_M143_C360
1030,818344,-614.4934,199.02,19.13,197,833,0,530.48,8.43,G518_M145_C367
1040,826144,-587.2656,198.52,19.52,203,837,0,530.24,8.22,G521_M148_C371
1050,834144,-540.8005,198.79,19.43,204,846,0,530.19,8.04,G524_M151_C375
1060,842144,-504.8185,198.79,19.53,207,853,0,529.97,7.81,G529_M152_C379
1070,850144,-439.8593,198.79,19.44,208,862,0,530.17,7.53,G531_M153_C386
1080,857852,-475.6121,198.06,19.54,211,869,0,530.28,7.63,G536_M155_C389
1090,865852,-483.7109,198.06,19.54,213,877,0,530.49,7.68,G543_M155_C392
1100,873780,-420.5603,197.88,19.45,214,886,0,530.52,7.66,G549_M158_C393
1110,881436,-447.5428,197.34,19.46,216,894,0,530.79,7.77,G552_M159_C399
1120,889436,-483.3879,197.58,19.29,216,904,0,531.14,7.85,G559_M160_C401
1130,897416,-582.5073,197.68,19.20,217,913,0,530.81,8.20,G562_M164_C404
1140,905360,-573.8566,198.04,19.12,218,922,0,530.61,8.33,G567_M165_C408
1150,913064,-605.8686,197.30,19.04,219,931,0,530.54,8.44,G572_M168_C410
1160,921064,-629.7316,197.30,19.14,222,938,0,530.68,8.63,G577_M170_C413
1170,928988,-687.4841,197.11,18.97,222,948,0,530.94,8.91,G583_M171_C416
1180,936824,-659.0212,197.43,18.98,224,956,0,531.24,8.90,G590_M171_C419
1190,944824,-679.4272,197.43,18.82,224,966,0,531.52,8.96,G594_M172_C424
1200,952824,-688.0610,197.61,18.83,226,974,0,531.92,8.81,G602_M172_C426
1210,960824,-719.3631,198.47,18.76,227,983,0,531.91,8.90,G607_M174_C429
1220,968360,-691.4233,197.31,18.77,229,991,0,531.66,8.88,G612_M175_C433
1230,976360,-638.2320,197.36,18.78,231,999,0,531.30,8.69,G618_M177_C435
1240,983988,-665.7589,196.57,18.71,232,1008,0,531.20,8.77,G622_M179_C439
1250,991988,-670.3056,197.31,18.72,234,1016,0,531.07,8.75,G629_M180_C441
1260,999988,-667.0470,197.31,18.57,234,1026,0,530.89,8.74,G633_M181_C446
1270,1007980,-679.0801,197.48,18.74,238,1032,0,530.98,8.74,G639_M182_C449
1280,1015980,-739.8451,197.89,18.67,239,1041,0,531.09,9.05,G645_M184_C451
1290,1023980,-814.4441,197.89,18.76,242,1048,0,531.01,9.39,G650_M186_C454
1300,1031980,-894.9624,197.89,18.69,243,1057,0,530.74,9.70,G656_M187_C457
1310,1039980,-933.7502,197.89,18.63,244,1066,0,530.72,9.92,G661_M188_C461
1320,1047916,-977.1458,198.89,18.56,245,1075,0,530.64,10.10,G664_M192_C464
1330,1055916,-975.5252,198.89,18.57,247,1083,0,530.75,10.11,G669_M194_C467
1340,1063916,-1024.1136,199.82,18.58,249,1091,0,530.89,10.28,G676_M195_C469
1350,1071728,-984.7412,199.35,18.52,250,1100,0,531.01,10.15,G680_M198_C472
1360,1079728,-944.2264,199.35,18.60,253,1107,0,531.36,9.98,G683_M198_C479
1370,1087552,-900.8536,198.93,18.76,257,1113,0,531.50,9.80,G686_M199_C485
1380,1095472,-853.1815,198.73,18.91,261,1119,0,531.33,9.40,G689_M201_C490
1390,1103472,-727.0963,198.73,19.14,266,1124,0,531.23,8.90,G691_M204_C495
1400,1111472,-562.6762,198.73,19.21,269,1130,1,531.34,8.32,G696_M206_C498
1410,1119472,-553.6307,198.73,19.43,274,1135,1,531.51,8.25,G700_M207_C503
1420,1127240,-493.8144,198.31,19.58,278,1141,1,531.66,7.96,G704_M209_C507
1430,1135116,-459.3081,198.00,19.65,281,1148,1,531.77,7.76,G708_M212_C510
1440,1143080,-340.6930,197.91,19.86,286,1153,1,531.98,7.28,G714_M214_C512
1450,1151080,-382.5559,198.38,20.07,291,1158,1,532.16,7.41,G721_M215_C514
1460,1159080,-419.0559,198.38,20.14,294,1165,1,531.68,7.51,G725_M217_C518
1470,1166900,-425.7643,198.37,20.48,301,1168,1,531.43,7.59,G730_M218_C522
1480,1174900,-370.2514,198.57,20.54,304,1175,1,531.33,7.50,G736_M220_C524
1490,1182900,-381.9599,198.57,20.54,306,1183,1,531.36,7.44,G742_M220_C528
1500,1190900,-442.5681,198.57,20.67,310,1189,1,531.17,7.59,G748_M221_C531
1510,1198748,-372.8159,198.19,20.66,312,1197,1,531.21,7.38,G755_M221_C534
1520,1206632,-379.9577,198.48,20.79,316,1202,2,531.25,7.50,G759_M224_C537
1530,1214632,-372.2356,198.79,21.05,322,1206,2,531.27,7.42,G764_M225_C541
1540,1222632,-338.8808,198.88,21.30,328,1210,2,531.09,7.32,G771_M226_C543
1550,1230480,-231.3316,198.50,21.68,336,1212,2,531.04,7.01,G778_M227_C545
1560,1238480,-250.3104,198.50,21.67,338,1220,2,531.22,7.15,G784_M227_C549
1570,1246220,-244.2796,198.30,21.85,343,1225,2,531.18,7.00,G786_M231_C553
1580,1253988,-269.8966,197.72,22.03,348,1230,2,531.24,7.01,G789_M233_C558
1590,1261988,-264.2688,197.72,22.01,350,1238,2,531.39,7.14,G796_M234_C560
1600,1269988,-257.6694,197.72,22.12,354,1244,2,531.62,7.13,G802_M235_C563
1610,1277684,-280.0983,197.34,22.11,356,1252,2,531.86,7.09,G810_M235_C565
1620,1285648,-346.7719,197.54,22.10,358,1260,2,531.57,7.30,G813_M238_C569
1630,1293648,-255.2752,197.54,22.21,362,1266,2,531.55,7.10,G818_M238_C574
1640,1301504,-323.4712,197.18,22.20,364,1274,2,531.64,7.31,G819_M240_C581
1650,1309504,-398.7822,197.56,22.18,366,1282,2,531.68,7.55,G823_M243_C584
1660,1317396,-418.0960,197.29,22.17,368,1290,2,531.84,7.69,G828_M244_C588
1670,1325396,-411.5712,197.94,22.10,369,1299,2,531.93,7.77,G833_M246_C591
1680,1333288,-411.4187,198.25,22.38,376,1302,2,532.16,7.82,G838_M246_C596
1690,1341152,-416.7697,197.91,22.54,381,1307,2,532.34,7.65,G842_M248_C600
1700,1348988,-383.3787,197.50,22.76,387,1311,2,532.01,7.59,G848_M250_C602
1710,1356988,-414.7322,198.26,22.75,389,1319,2,531.75,7.84,G853_M250_C607
1720,1364988,-370.2964,198.35,22.67,390,1328,2,531.63,7.77,G859_M253_C608
1730,1372988,-405.0007,198.35,22.95,397,1331,2,531.46,7.94,G865_M255_C610
1740,1380988,-366.9738,198.71,22.93,399,1339,2,531.05,7.83,G870_M255_C615
1750,1388988,-350.6731,198.71,22.91,401,1347,2,530.76,7.68,G876_M257_C617
1760,1396988,-258.1565,198.98,23.01,405,1353,2,530.90,7.28,G882_M258_C620
1770,1404988,-250.6419,198.98,23.22,411,1357,2,530.70,7.29,G885_M263_C622
1780,1412480,-276.7510,197.98,23.37,416,1361,3,530.52,7.36,G888_M264_C628
1790,1420480,-231.5806,198.32,23.58,422,1365,3,530.56,7.29,G892_M264_C634
1800,1428168,-191.0765,197.95,23.72,427,1370,3,530.65,7.19,G896_M265_C639
1810,1436088,-31.7565,197.75,23.70,429,1377,4,530.67,6.53,G902_M267_C641
1820,1444088,69.3834,197.75,23.79,433,1383,4,530.79,6.05,G907_M268_C645
1830,1452052,66.1774,197.66,23.99,439,1387,4,530.87,6.01,G910_M270_C650
1840,1460052,98.8747,197.66,24.08,443,1393,4,531.04,5.94,G917_M272_C651
1850,1468052,105.1199,197.66,24.22,448,1398,4,531.19,5.94,G921_M273_C656
1860,1475868,61.9041,197.20,24.14,449,1407,4,531.18,6.08,G928_M273_C659
1870,1483868,-32.5850,197.20,24.06,450,1416,4,531.15,6.47,G936_M274_C660
1880,1491868,-7.1414,198.47,23.99,451,1425,4,531.24,6.39,G940_M276_C664
1890,1499868,2.0499,198.47,24.02,454,1432,4,531.39,6.41,G943_M277_C670
1900,1507868,6.0271,199.25,24.05,457,1439,4,531.52,6.35,G948_M278_C674
1910,1515732,-59.7525,199.11,24.03,459,1447,4,531.69,6.77,G956_M278_C676
1920,1523732,-71.1237,199.11,24.06,462,1454,4,531.84,6.81,G961_M280_C679
1930,1531732,-108.0888,199.20,24.20,467,1459,4,532.00,6.90,G966_M282_C682
1940,1539732,-75.8913,199.20,24.28,471,1465,4,531.78,6.80,G972_M282_C686
1950,1547708,-49.6259,199.14,24.36,475,1471,4,531.38,6.68,G975_M285_C690
1960,1555640,-17.4762,199.43,24.44,479,1477,4,531.24,6.54,G977_M289_C694
1970,1563640,103.0911,199.43,24.57,484,1482,4,531.25,6.05,G984_M289_C697
1980,1571640,175.1326,199.43,24.55,486,1489,5,530.94,5.83,G990_M289_C701
1990,1579640,180.2897,199.43,24.62,490,1495,5,530.72,5.78,G994_M290_C706
2000,1587640,132.0885,199.43,24.70,494,1501,5,530.80,5.89,G999_M292_C709
2010,1595640,119.0271,199.77,24.63,495,1510,5,530.73,5.70,G1003_M295_C712
2020,1603408,63.8242,199.19,24.70,499,1516,5,530.54,5.91,G1007_M297_C716
2030,1611408,126.1566,199.19,24.98,507,1518,5,530.45,5.70,G1010_M298_C722
2040,1619408,107.7672,199.19,25.00,510,1525,5,530.49,5.79,G1015_M300_C725
2050,1627004,113.3608,198.24,25.07,514,1530,6,530.61,5.86,G1018_M300_C732
2060,1634908,108.3921,198.17,25.10,517,1537,6,530.60,5.83,G1021_M303_C736
2070,1642844,50.4951,198.01,25.12,520,1544,6,530.76,5.99,G1028_M303_C739
2080,1650844,46.1309,198.01,25.14,523,1551,6,530.86,6.01,G1033_M305_C742
2090,1658844,88.4997,198.01,25.26,528,1556,6,530.96,5.89,G1036_M306_C748
2100,1666844,160.8951,198.01,25.38,533,1560,7,530.79,5.80,G1042_M307_C751
2110,1674844,235.3082,198.01,25.45,537,1566,7,530.72,5.63,G1047_M309_C754
2120,1682844,270.5305,198.59,25.42,539,1574,7,530.83,5.49,G1054_M310_C756
2130,1690844,226.6384,198.59,25.35,540,1583,7,530.96,5.64,G1063_M311_C756
2140,1698844,190.3884,198.59,25.28,541,1592,7,530.98,5.68,G1068_M314_C758
2150,1706752,188.1879,199.37,25.44,547,1596,7,531.07,5.67,G1071_M316_C763
2160,1714752,249.7328,199.61,25.65,554,1598,8,531.25,5.59,G1078_M317_C765
2170,1722752,305.1929,199.77,25.76,559,1603,8,531.30,5.39,G1084_M320_C766
2180,1730724,246.5394,199.70,25.78,562,1610,8,530.97,5.45,G1087_M321_C772
2190,1738084,225.7187,198.10,25.80,565,1616,9,530.80,5.57,G1092_M322_C776
2200,1745920,162.7517,197.69,25.82,568,1623,9,530.79,5.73,G1095_M324_C781
2210,1753920,52.0313,197.69,25.88,572,1629,9,530.58,6.04,G1099_M327_C784
2220,1761804,56.2706,197.40,25.90,575,1636,9,530.14,6.05,G1103_M329_C788
2230,1769804,50.0136,197.40,26.10,582,1639,9,529.72,6.04,G1105_M333_C792
2240,1777804,150.9242,197.40,26.29,589,1642,9,529.53,5.89,G1112_M334_C794
2250,1785804,203.6481,197.63,26.36,593,1648,9,529.29,5.79,G1116_M337_C797
2260,1793804,56.9573,197.63,26.28,594,1657,9,529.15,6.25,G1120_M339_C801
2270,1801804,72.5074,197.63,26.34,598,1663,9,529.27,6.27,G1123_M339_C808
2280,1809748,130.1595,197.56,26.40,602,1669,9,529.28,6.19,G1126_M342_C812
2290,1817240,121.1071,197.89,26.42,605,1676,9,529.33,6.12,G1129_M344_C817
2300,1825240,188.5581,198.30,26.39,607,1683,10,529.44,5.91,G1136_M345_C819
2310,1833240,259.3891,198.30,26.45,611,1689,10,529.57,5.64,G1141_M346_C823
2320,1840892,218.5998,197.72,26.42,613,1697,10,529.76,5.70,G1144_M346_C830
2330,1848892,247.8699,197.72,26.44,616,1703,11,529.77,5.63,G1153_M347_C830
2340,1856892,113.1936,197.72,26.50,620,1709,11,529.65,5.91,G1158_M349_C833
2350,1864892,-1.6011,197.72,26.47,622,1717,11,529.72,6.24,G1162_M350_C838
2360,1872580,79.7343,196.94,26.53,626,1723,11,529.84,5.98,G1168_M351_C841
2370,1880420,83.9093,196.54,26.46,627,1732,11,529.93,5.93,G1173_M353_C844
2380,1888420,11.8699,196.68,26.34,627,1742,11,529.95,6.22,G1178_M357_C845
2390,1896420,-26.3399,197.95,26.36,630,1749,11,530.02,6.38,G1183_M360_C847
2400,1904420,-56.7858,197.95,26.46,635,1754,11,530.09,6.45,G1189_M363_C848
2410,1912420,-73.9830,197.95,26.47,638,1761,11,530.00,6.58,G1193_M366_C851
2420,1920420,-108.6880,198.82,26.36,638,1771,11,529.71,6.82,G1200_M368_C852
2430,1928420,-205.7329,198.82,26.26,638,1781,11,529.66,7.26,G1204_M369_C857
2440,1936180,-182.0994,198.22,26.23,640,1789,11,529.59,7.22,G1209_M372_C859
2450,1944180,-179.8366,198.22,26.37,646,1793,11,529.38,7.24,G1214_M373_C863
2460,1952180,-152.3487,199.00,26.34,648,1801,11,529.03,7.14,G1220_M375_C865
2470,1960180,-136.4720,199.40,26.32,650,1809,11,529.14,7.11,G1225_M376_C869
2480,1967252,-60.5425,197.08,26.41,655,1814,11,529.23,6.78,G1231_M377_C872
2490,1975252,68.4843,197.08,26.63,663,1816,11,529.06,6.52,G1233_M381_C876
2500,1983224,43.9256,197.01,26.72,668,1821,11,528.84,6.61,G1237_M384_C879
2510,1991040,77.4842,196.55,26.81,673,1826,11,528.88,6.50,G1241_M386_C883
2520,1998932,135.0223,196.28,26.90,678,1831,11,528.97,6.28,G1248_M387_C885
2530,2006684,223.2924,195.66,26.96,682,1837,11,529.03,5.85,G1252_M389_C889
2540,2014576,259.9767,195.99,27.01,686,1843,11,529.14,5.68,G1255_M390_C895
2550,2022576,363.1363,195.99,27.14,692,1847,11,529.24,5.29,G1261_M392_C897
2560,2030372,377.7411,195.48,27.11,694,1855,11,529.28,5.31,G1267_M396_C897
2570,2038372,367.9216,195.48,27.12,697,1862,11,529.29,5.28,G1274_M397_C899
2580,2046372,359.6771,197.80,27.17,701,1868,11,529.15,5.31,G1279_M399_C902
2590,2054372,297.0083,197.80,27.26,706,1873,11,529.24,5.32,G1283_M400_C907
2600,2061932,314.6825,196.77,27.23,708,1881,11,529.27,5.21,G1287_M403_C910
2610,2069656,346.4153,196.54,27.28,712,1887,11,529.31,5.13,G1292_M406_C912
2620,2077656,323.9836,196.81,27.21,713,1896,11,529.43,5.12,G1298_M407_C915
2630,2085656,299.4826,197.43,27.26,717,1902,11,529.58,5.21,G1303_M408_C919
2640,2093536,302.1696,197.40,27.27,720,1909,11,529.70,5.27,G1307_M410_C923
2650,2101536,332.4720,197.40,27.25,722,1917,11,529.57,5.25,G1314_M413_C923
2660,2109536,258.4500,197.91,27.26,725,1924,11,529.27,5.34,G1318_M416_C926
2670,2117416,297.4010,197.61,27.42,732,1927,11,529.25,5.29,G1323_M416_C931
2680,2125212,290.1544,197.10,27.50,737,1932,11,529.30,5.41,G1327_M416_C937
2690,2133212,322.8074,197.10,27.51,740,1939,11,529.06,5.41,G1332_M419_C939
2700,2141212,360.4536,198.20,27.56,744,1945,11,528.83,5.35,G1337_M419_C944
2710,2149212,269.7141,198.89,27.56,747,1952,11,528.72,5.60,G1340_M420_C950
2720,2157060,346.0921,198.51,27.65,752,1957,11,528.56,5.52,G1345_M422_C953
2730,2165060,374.7783,198.51,27.62,754,1965,11,528.38,5.45,G1347_M425_C958
2740,2172932,304.9140,198.49,27.63,757,1972,11,528.25,5.53,G1350_M428_C962
2750,2180932,319.0183,198.49,27.67,761,1978,11,528.29,5.49,G1359_M429_C962
2760,2188584,311.1473,197.62,27.75,766,1983,11,528.36,5.60,G1364_M430_C966
2770,2196584,310.9116,197.92,27.87,772,1987,11,528.48,5.60,G1371_M430_C969
2780,2204584,255.5818,198.43,27.84,774,1995,11,528.59,5.71,G1378_M430_C972
2790,2212584,146.6059,198.43,27.81,776,2003,11,528.69,5.96,G1382_M432_C976
2800,2220584,66.2636,198.43,27.89,781,2008,11,528.88,6.18,G1389_M432_C979
2810,2228464,108.8150,198.13,27.97,786,2013,11,528.83,6.03,G1393_M433_C984
2820,2235928,104.7321,197.17,27.94,788,2021,11,528.75,5.94,G1398_M435_C987
2830,2243928,148.8298,197.17,28.06,794,2025,11,528.77,5.82,G1401_M438_C991
2840,2251896,212.8558,197.41,28.06,797,2032,11,528.87,5.72,G1406_M439_C995
2850,2259768,124.0010,197.09,28.04,799,2040,11,529.01,5.96,G1413_M439_C998
2860,2267768,130.7594,197.96,28.01,801,2047,12,529.17,5.92,G1418_M439_C1003
2870,2275560,52.1211,197.44,27.98,803,2055,12,529.30,6.10,G1424_M439_C1007
2880,2283536,109.4658,197.38,27.99,806,2062,12,529.45,5.97,G1428_M440_C1012
2890,2291536,129.2275,197.38,28.03,810,2068,12,529.44,5.92,G1431_M441_C1018
2900,2299536,176.6503,197.38,27.97,811,2077,12,529.26,5.71,G1434_M442_C1024
2910,2307332,177.0062,197.17,27.94,813,2085,12,529.14,5.72,G1439_M445_C1026
2920,2314924,146.1502,197.49,27.98,817,2091,12,529.08,5.77,G1442_M448_C1030
2930,2322876,115.5266,197.37,27.95,819,2099,12,528.91,5.89,G1448_M449_C1033
2940,2330876,66.4029,197.45,27.86,819,2109,12,528.60,5.97,G1449_M451_C1040
2950,2338840,106.4056,197.68,27.90,823,2115,12,528.49,5.85,G1454_M452_C1044
2960,2346840,138.4351,197.68,27.91,826,2122,12,528.43,5.69,G1460_M452_C1048
2970,2354840,108.7292,198.20,27.81,826,2132,12,528.33,5.86,G1468_M453_C1049
2980,2362732,62.7328,197.99,27.79,828,2140,12,528.20,5.92,G1470_M456_C1054
2990,2370580,149.3346,197.61,27.79,831,2147,12,528.30,5.70,G1476_M456_C1058
3000,2378380,241.1801,197.11,27.83,835,2153,12,528.36,5.54,G1483_M457_C1060
3010,2386380,227.8050,197.62,27.81,837,2160,13,528.47,5.60,G1489_M457_C1064
3020,2394320,225.0199,198.49,27.81,840,2167,13,528.52,5.61,G1492_M459_C1069
3030,2402320,232.7642,198.61,27.79,842,2175,13,528.61,5.53,G1497_M461_C1072
3040,2410320,262.5068,198.61,27.80,845,2182,13,528.69,5.50,G1504_M464_C1072
3050,2418308,120.5342,198.67,27.87,850,2187,13,528.65,5.96,G1508_M465_C1077
3060,2426248,145.8603,198.52,27.97,856,2191,13,528.60,5.93,G1513_M466_C1081
3070,2434248,285.5781,198.52,28.05,861,2196,13,528.72,5.55,G1520_M466_C1084
3080,2442248,257.8678,198.79,28.08,865,2202,13,528.83,5.71,G1528_M467_C1085
3090,2450180,227.6277,199.00,28.19,871,2206,13,528.89,5.81,G1532_M469_C1089
3100,2458180,177.7483,199.50,28.32,878,2209,13,528.97,5.98,G1538_M470_C1092
3110,2465812,183.1856,198.58,28.39,883,2214,13,529.06,5.95,G1543_M472_C1095
3120,2473812,122.9766,198.73,28.37,885,2222,13,529.14,6.12,G1545_M475_C1100
3130,2481812,95.4807,198.73,28.37,888,2229,13,529.06,6.25,G1550_M477_C1103
3140,2489748,105.3894,198.57,28.41,892,2235,13,528.86,6.25,G1554_M478_C1108
3150,2497692,276.7159,198.46,28.54,899,2238,13,528.85,5.71,G1561_M478_C1111
3160,2505628,206.9190,198.45,28.58,903,2244,13,528.74,5.89,G1564_M482_C1114
3170,2513608,38.2389,198.40,28.52,904,2253,13,528.58,6.45,G1569_M486_C1115
3180,2521608,108.8640,198.40,28.46,905,2262,13,528.46,6.22,G1573_M489_C1118
3190,2529396,82.6550,198.04,28.50,909,2268,13,528.51,6.24,G1577_M491_C1122
3200,2537396,-3.4922,198.04,28.53,913,2274,13,528.63,6.39,G1580_M491_C1129
3210,2545208,-73.1175,198.49,28.47,914,2283,13,528.48,6.59,G1584_M494_C1132
3220,2552968,-55.4487,197.89,28.51,918,2289,13,528.40,6.62,G1589_M495_C1136
3230,2560660,-18.2956,197.12,28.54,922,2295,13,528.47,6.51,G1596_M496_C1138
3240,2568660,-17.3703,197.28,28.55,925,2301,14,528.56,6.46,G1602_M496_C1142
3250,2576120,-95.2668,196.07,28.65,931,2305,14,528.66,6.61,G1606_M496_C1148
3260,2583852,-26.8064,195.56,28.74,937,2309,14,528.73,6.40,G1611_M496_C1153
3270,2591244,106.1450,194.09,28.78,941,2315,14,528.79,5.90,G1616_M498_C1156
3280,2599244,95.6840,194.09,28.81,945,2321,14,528.90,5.92,G1624_M499_C1157
3290,2607244,113.5872,194.62,28.78,947,2329,14,528.96,5.92,G1629_M499_C1162
3300,2615244,188.0768,194.62,28.79,950,2336,14,528.93,5.72,G1633_M500_C1167
3310,2623180,284.2196,194.93,28.82,954,2342,14,528.94,5.43,G1639_M502_C1169
3320,2630552,308.3984,193.96,28.83,957,2349,14,529.02,5.32,G1641_M503_C1176
3330,2638552,266.6122,194.73,28.80,959,2357,14,529.14,5.33,G1646_M503_C1181
3340,2646368,285.9159,194.27,28.83,963,2363,14,529.19,5.32,G1651_M505_C1184
3350,2654272,314.3566,195.38,28.93,969,2367,14,529.28,5.26,G1654_M506_C1190
3360,2662272,349.7108,196.05,28.99,974,2372,14,529.41,5.23,G1660_M507_C1193
3370,2670272,270.0484,197.57,28.93,975,2381,14,529.48,5.39,G1664_M509_C1197
3380,2678252,209.7629,197.52,28.91,977,2389,14,529.31,5.53,G1667_M511_C1202
3390,2686252,153.6975,197.52,28.88,979,2397,14,529.22,5.62,G1672_M512_C1206
3400,2693948,105.0431,196.76,28.94,984,2402,14,529.24,5.84,G1677_M512_C1211
3410,2701948,60.0008,196.92,28.91,986,2410,14,529.12,5.92,G1680_M514_C1216
3420,2709948,77.2571,198.49,28.89,988,2418,14,529.03,5.80,G1682_M516_C1222
3430,2717948,154.6018,198.49,28.92,992,2424,14,528.91,5.72,G1688_M519_C1223
3440,2725624,114.8197,198.14,28.92,995,2431,14,528.97,5.80,G1690_M521_C1229
3450,2733624,145.8161,198.38,28.93,998,2438,14,528.94,5.68,G1696_M523_C1231
3460,2741624,78.0702,198.38,28.93,1001,2445,14,528.86,5.84,G1701_M524_C1235
3470,2749580,104.1418,198.27,28.90,1003,2453,14,528.77,5.70,G1705_M528_C1237
3480,2757448,98.6495,197.99,28.88,1005,2461,14,528.81,5.73,G1709_M530_C1241
3490,2765184,50.1233,197.33,28.91,1009,2467,14,528.81,5.99,G1713_M533_C1244
3500,2773184,127.0222,198.09,28.97,1014,2472,14,528.87,5.86,G1721_M534_C1245
3510,2780896,143.1877,197.37,28.95,1016,2480,14,528.98,5.80,G1725_M534_C1251
3520,2788896,194.0733,197.37,29.03,1022,2484,14,529.01,5.68,G1729_M538_C1253
3530,2796896,113.8693,197.37,29.04,1025,2491,14,528.97,5.85,G1733_M542_C1255
3540,2804896,171.9304,198.18,29.15,1032,2494,14,528.88,5.75,G1738_M544_C1258
3550,2812716,130.5297,197.73,29.18,1036,2500,14,528.90,5.92,G1742_M545_C1263
3560,2820716,224.3408,197.73,29.19,1039,2507,14,528.97,5.65,G1749_M546_C1265
3570,2828568,257.0614,197.47,29.22,1043,2513,14,529.04,5.63,G1755_M547_C1268
3580,2836248,287.6020,197.00,29.19,1045,2521,14,529.09,5.44,G1760_M549_C1271
3590,2844088,383.4032,197.26,29.19,1048,2528,14,529.17,5.07,G1764_M550_C1276
3600,2851760,383.8940,196.44,29.19,1051,2535,14,529.26,4.98,G1770_M552_C1278
3610,2859760,447.0361,197.16,29.28,1057,2539,14,529.35,4.91,G1776_M553_C1281
3620,2867556,460.8781,196.65,29.39,1064,2542,14,529.24,4.88,G1781_M553_C1286
3630,2874884,510.0807,194.97,29.45,1069,2547,14,529.09,4.79,G1784_M556_C1290
3640,2882520,457.7485,194.06,29.45,1072,2554,14,529.06,4.87,G1789_M558_C1293
3650,2890520,457.7440,194.51,29.51,1077,2559,14,528.98,4.89,G1793_M560_C1297
3660,2898440,348.4421,194.31,29.51,1080,2566,14,528.80,5.13,G1797_M561_C1302
3670,2906332,285.3044,194.41,29.48,1082,2574,14,528.77,5.31,G1801_M562_C1307
3680,2914332,367.8850,195.21,29.48,1085,2581,14,528.86,5.23,G1809_M562_C1309
3690,2922332,402.4314,195.61,29.46,1087,2589,14,528.88,5.13,G1814_M563_C1313
3700,2930080,352.3875,195.80,29.54,1093,2593,14,528.83,5.23,G1821_M563_C1316
3710,2938072,274.8783,195.78,29.60,1098,2598,14,528.71,5.35,G1825_M567_C1318
3720,2946072,234.5946,196.29,29.57,1100,2606,14,528.79,5.45,G1829_M567_C1324
3730,2954072,164.9861,197.97,29.65,1106,2610,14,528.85,5.62,G1832_M568_C1330
3740,2962072,221.4532,198.88,29.73,1112,2614,14,528.85,5.49,G1838_M571_C1331
3750,2969728,251.0144,198.02,29.81,1118,2617,15,528.86,5.41,G1841_M575_C1334
3760,2977284,298.4892,197.11,29.76,1119,2626,15,528.89,5.31,G1844_M579_C1337
3770,2984992,334.7285,196.65,29.84,1125,2630,15,528.91,5.22,G1846_M582_C1342
3780,2992448,322.7505,195.29,29.89,1130,2635,15,528.88,5.17,G1848_M583_C1349
3790,3000064,225.8211,194.33,29.84,1131,2644,15,528.79,5.48,G1852_M586_C1352
3800,3007992,190.0886,194.78,29.84,1134,2651,15,528.86,5.63,G1858_M587_C1355
3810,3015720,185.1224,194.12,29.87,1138,2657,15,528.88,5.72,G1864_M590_C1356
3820,3023720,154.2634,194.12,29.84,1140,2665,15,528.95,5.85,G1869_M591_C1360
3830,3031720,221.1595,194.12,29.92,1146,2669,15,529.05,5.62,G1877_M591_C1362
3840,3039720,183.3246,194.12,30.00,1152,2673,15,529.13,5.67,G1879_M593_C1368
3850,3047324,227.8766,193.99,30.03,1156,2679,15,529.25,5.58,G1887_M593_C1370
3860,3054672,256.5912,193.47,30.00,1158,2687,15,529.20,5.59,G1893_M593_C1374
3870,3062388,276.3052,193.49,30.03,1162,2693,15,529.09,5.55,G1898_M594_C1378
3880,3070352,227.6673,194.76,30.03,1165,2700,15,529.07,5.76,G1905_M595_C1380
3890,3078352,243.9666,195.72,30.00,1167,2708,15,529.07,5.68,G1909_M596_C1385
3900,3086352,250.4328,195.90,30.00,1170,2715,15,528.99,5.53,G1913_M599_C1388
3910,3094352,298.3564,196.58,29.97,1172,2723,15,528.93,5.44,G1918_M600_C1392
3920,3102324,341.0106,196.51,30.00,1176,2729,15,528.94,5.26,G1923_M601_C1396
3930,3110324,279.0933,196.51,29.95,1177,2738,15,528.97,5.39,G1928_M601_C1401
3940,3118260,229.8779,196.35,29.92,1179,2746,15,528.81,5.58,G1930_M605_C1405
3950,3126260,158.3270,197.34,29.90,1181,2754,15,528.72,5.69,G1938_M607_C1405
3960,3133976,58.7026,198.26,29.87,1183,2762,15,528.80,6.02,G1944_M607_C1409
3970,3141976,47.3781,198.97,29.82,1184,2771,15,528.83,6.04,G1951_M609_C1410
3980,3149968,58.7401,199.04,29.85,1188,2777,15,528.87,5.95,G1953_M611_C1416
3990,3157968,131.9629,199.04,29.87,1192,2783,15,528.96,5.88,G1960_M611_C1419
4000,3165836,154.1191,198.71,29.88,1195,2790,15,529.05,5.95,G1966_M612_C1422
4010,3173836,135.2914,198.71,29.88,1198,2797,15,529.09,5.98,G1970_M615_C1425
4020,3181712,149.4994,198.47,29.90,1202,2803,15,529.01,5.96,G1974_M618_C1428
4030,3189712,177.2884,198.47,29.93,1206,2809,15,528.97,5.98,G1977_M618_C1435
4040,3197328,262.7641,197.67,29.93,1209,2816,15,529.05,5.75,G1983_M618_C1439
4050,3205060,216.6874,197.00,29.88,1210,2825,15,529.14,5.95,G1986_M618_C1446
4060,3213060,288.5879,197.71,29.88,1213,2832,15,529.23,5.72,G1994_M618_C1448
4070,3221060,276.7793,197.71,29.93,1218,2837,15,529.31,5.80,G2000_M619_C1451
4080,3229060,245.1581,197.73,29.93,1221,2844,15,529.32,5.85,G2006_M623_C1451
4090,3237060,192.1070,197.73,29.93,1224,2851,15,529.41,5.88,G2012_M624_C1454
4100,3245060,196.8227,198.06,29.88,1225,2860,15,529.40,5.82,G2017_M625_C1458
4110,3253060,145.6184,198.06,29.88,1228,2867,15,529.26,5.93,G2019_M627_C1464
4120,3261052,2.3378,198.35,29.81,1228,2877,15,529.20,6.39,G2024_M629_C1467
4130,3269052,-98.7768,198.35,29.76,1229,2886,15,529.25,6.76,G2030_M629_C1471
4140,3277052,-135.5620,199.31,29.71,1230,2895,15,529.18,6.86,G2034_M630_C1476
4150,3285052,-77.2507,199.98,29.73,1234,2901,15,529.10,6.60,G2039_M631_C1480
4160,3292956,-51.0276,199.74,29.74,1237,2908,15,529.04,6.44,G2046_M631_C1483
4170,3300956,15.6782,199.74,29.69,1238,2917,15,528.93,6.28,G2054_M632_C1484
4180,3308780,98.1516,199.30,29.67,1240,2925,15,528.83,6.13,G2062_M634_C1484
4190,3316780,192.7972,199.30,29.67,1243,2932,15,528.73,5.91,G2067_M636_C1487
4200,3324664,233.1497,199.01,29.69,1247,2938,15,528.76,5.76,G2072_M637_C1491
4210,3332664,305.8492,199.01,29.67,1249,2946,15,528.76,5.51,G2077_M639_C1494
4220,3340664,409.5257,199.03,29.62,1250,2955,15,528.77,5.13,G2083_M641_C1496
4230,3348400,472.1073,198.37,29.55,1250,2965,15,528.77,4.78,G2086_M644_C1500
4240,3356400,396.7119,198.37,29.48,1250,2975,15,528.86,5.04,G2093_M645_C1502
4250,3364248,328.9173,197.99,29.46,1252,2983,15,528.92,5.33,G2100_M647_C1503
4260,3372240,285.1442,198.21,29.48,1256,2989,15,528.85,5.42,G2105_M648_C1507
4270,3380124,193.6265,197.92,29.53,1261,2994,15,528.78,5.57,G2108_M650_C1512
4280,3387952,172.4276,197.93,29.63,1268,2997,15,528.76,5.62,G2111_M654_C1515
4290,3395892,69.3003,197.78,29.60,1270,3005,15,528.83,5.88,G2115_M654_C1521
4300,3403892,31.1709,198.07,29.60,1273,3012,15,528.89,5.97,G2121_M655_C1524
4310,3411812,-12.0155,197.87,29.54,1273,3022,15,528.93,6.19,G2124_M657_C1529
4320,3419764,-44.0168,197.75,29.51,1275,3030,15,528.99,6.33,G2130_M658_C1532
4330,3427764,-18.2388,198.41,29.56,1280,3035,15,529.02,6.32,G2135_M661_C1534
4340,3435764,82.4194,198.41,29.59,1284,3041,15,528.92,6.09,G2141_M663_C1536
4350,3443764,106.9425,198.79,29.66,1290,3044,16,528.88,5.94,G2146_M664_C1540
4360,3451764,207.6055,198.81,29.68,1294,3050,16,528.90,5.77,G2153_M665_C1542
4370,3459456,235.4444,198.33,29.68,1297,3057,16,528.85,5.71,G2155_M669_C1546
4380,3467456,220.9115,198.76,29.75,1303,3061,16,528.86,5.75,G2158_M670_C1552
4390,3475456,308.1975,198.91,29.82,1309,3065,16,528.87,5.54,G2165_M671_C1554
4400,3483288,255.6495,198.49,29.86,1314,3070,16,528.83,5.77,G2169_M673_C1558
4410,3491012,289.4618,198.00,29.89,1318,3076,16,528.80,5.63,G2173_M675_C1562
4420,3498492,330.4038,196.82,29.86,1320,3084,16,528.73,5.48,G2180_M677_C1563
4430,3506268,365.7487,196.26,29.89,1324,3090,16,528.63,5.33,G2182_M680_C1568
4440,3514064,367.1974,195.75,29.93,1329,3095,16,528.66,5.27,G2188_M681_C1571
4450,3521484,378.4521,194.30,29.96,1333,3101,16,528.68,5.25,G2193_M683_C1574
4460,3529200,272.2230,193.59,29.98,1337,3107,16,528.70,5.40,G2195_M685_C1580
4470,3537200,246.1033,194.36,29.93,1338,3116,16,528.71,5.43,G2202_M687_C1581
4480,3545200,308.4070,194.36,29.93,1341,3123,16,528.79,5.31,G2210_M687_C1583
4490,3553200,312.9783,194.36,30.04,1349,3125,16,528.86,5.28,G2217_M688_C1585
4500,3561200,402.8290,194.78,30.04,1352,3132,16,528.81,5.00,G2222_M690_C1588
4510,3569200,414.1618,195.47,30.13,1359,3135,16,528.70,4.98,G2226_M693_C1591
4520,3577200,423.3237,196.77,30.11,1361,3143,16,528.73,4.94,G2231_M695_C1594
4530,3585116,404.0931,197.12,30.07,1362,3152,16,528.79,5.05,G2236_M695_C1599
4540,3593116,382.1047,197.63,30.09,1366,3158,16,528.85,5.07,G2242_M696_C1602
4550,3601104,404.7558,199.05,30.15,1372,3162,16,528.91,4.97,G2248_M697_C1605
4560,3609104,362.5447,199.76,30.09,1372,3172,16,528.97,5.06,G2252_M698_C1610
4570,3617084,398.7244,199.71,30.09,1375,3179,16,529.06,5.03,G2259_M698_C1613
4580,3625084,338.2233,199.71,30.11,1379,3185,16,529.04,5.14,G2264_M699_C1617
4590,3632820,317.9618,199.05,30.11,1382,3192,16,528.91,5.11,G2267_M703_C1620
4600,3640584,287.9647,198.46,30.11,1385,3199,16,528.92,5.15,G2273_M704_C1623
4610,3648584,306.2575,198.46,30.11,1388,3206,16,528.93,5.17,G2278_M705_C1627
4620,3656528,309.8415,198.32,30.11,1391,3213,16,528.85,5.20,G2283_M707_C1630
4630,3664528,341.7860,198.53,30.06,1392,3222,16,528.78,5.08,G2289_M708_C1633
4640,3672528,284.0702,198.53,30.11,1397,3227,16,528.81,5.24,G2291_M710_C1639
4650,3680528,311.5900,198.56,30.13,1401,3233,16,528.83,5.18,G2297_M713_C1640
4660,3688528,378.8589,198.56,30.13,1404,3240,16,528.76,5.14,G2302_M714_C1644
4670,3696428,394.3030,198.36,30.15,1408,3246,16,528.73,5.13,G2307_M714_C1649
4680,3704428,381.0401,198.36,30.11,1409,3255,16,528.75,5.16,G2312_M715_C1653
4690,3712428,372.7323,199.02,30.11,1412,3262,16,528.79,5.29,G2318_M715_C1657
4700,3720208,408.8656,199.06,30.13,1416,3268,16,528.82,5.24,G2325_M716_C1659
4710,3728208,420.0046,199.06,30.15,1420,3274,16,528.83,5.12,G2329_M719_C1662
4720,3736208,398.3148,199.20,30.17,1424,3280,16,528.91,5.17,G2331_M720_C1669
4730,3744208,389.5836,199.20,30.25,1431,3283,16,528.98,5.22,G2335_M721_C1674
4740,3752180,472.8314,199.13,30.23,1433,3291,16,529.00,4.94,G2340_M722_C1678
4750,3760180,413.0083,199.13,30.23,1436,3298,16,528.98,5.13,G2346_M723_C1681
4760,3768180,363.7251,199.13,30.23,1439,3305,16,529.02,5.23,G2354_M723_C1683
4770,3776180,364.2557,199.38,30.23,1442,3312,16,529.08,5.21,G2360_M723_C1687
4780,3784180,399.8811,199.38,30.23,1445,3319,16,529.06,5.11,G2365_M727_C1688
4790,3791956,417.3125,198.82,30.21,1447,3327,16,529.11,5.06,G2371_M729_C1690
4800,3799876,379.2968,199.17,30.19,1449,3335,16,529.15,5.15,G2375_M731_C1694
4810,3807876,300.8948,199.17,30.21,1453,3341,16,529.17,5.39,G2379_M734_C1697
4820,3815728,339.4770,198.80,30.17,1454,3350,16,529.11,5.27,G2384_M737_C1699
4830,3823728,366.3185,198.80,30.19,1458,3356,16,529.02,5.18,G2389_M740_C1701
4840,3831592,372.1587,198.53,30.19,1461,3363,16,529.02,5.24,G2392_M741_C1707
4850,3839592,382.1994,198.53,30.14,1462,3372,16,529.05,5.29,G2398_M741_C1711
4860,3847448,411.7944,198.17,30.12,1464,3380,16,528.96,5.19,G2399_M744_C1717
4870,3854784,372.6533,196.51,30.12,1467,3387,16,528.91,5.22,G2404_M745_C1721
4880,3862688,395.7476,196.27,30.18,1473,3391,16,528.92,5.20,G2408_M745_C1727
4890,3870592,361.7731,196.59,30.18,1476,3398,16,528.97,5.25,G2413_M745_C1732
4900,3877912,348.0262,195.09,30.18,1479,3405,16,528.91,5.25,G2417_M748_C1735
4910,3885912,409.7187,195.09,30.22,1484,3410,16,528.84,5.07,G2422_M749_C1739
4920,3893732,349.4183,195.01,30.22,1487,3417,16,528.83,5.32,G2427_M751_C1742
4930,3901732,329.3176,195.01,30.28,1493,3421,16,528.86,5.35,G2431_M752_C1747
4940,3909732,343.3243,195.35,30.32,1498,3426,16,528.91,5.36,G2438_M752_C1750
4950,3917732,380.5932,195.35,30.34,1502,3432,16,528.93,5.21,G2444_M754_C1752
4960,3925732,450.7722,195.71,30.34,1505,3439,16,528.99,5.03,G2450_M755_C1755
4970,3933732,491.6062,197.37,30.36,1509,3445,16,529.02,4.97,G2454_M758_C1758
4980,3941732,519.1556,197.61,30.32,1510,3454,16,528.99,4.90,G2461_M760_C1759
4990,3949628,530.2913,197.59,30.36,1515,3459,16,528.91,4.81,G2466_M763_C1761
5000,3956956,555.6546,197.61,30.40,1520,3464,16,528.91,4.75,G2468_M765_C1767
5010,3964888,515.5191,197.44,30.40,1523,3471,16,528.94,4.86,G2474_M766_C1770
5020,3972888,542.5220,197.89,30.38,1525,3479,16,528.99,4.63,G2480_M767_C1773
5030,3980624,518.4912,197.23,30.38,1528,3486,16,529.04,4.70,G2485_M768_C1777
5040,3988352,491.5290,196.55,30.44,1534,3490,16,529.05,4.64,G2488_M771_C1781
5050,3996172,461.9740,196.10,30.42,1536,3498,16,529.11,4.70,G2494_M772_C1784
5060,4003664,439.5691,194.83,30.43,1540,3504,16,529.08,4.67,G2498_M775_C1787
5070,4011636,409.6240,194.76,30.39,1541,3513,16,528.99,4.69,G2503_M778_C1789
5080,4019636,343.3009,194.76,30.35,1542,3522,16,528.94,4.79,G2507_M781_C1792
5090,4027484,314.1784,194.64,30.39,1547,3527,16,528.95,4.85,G2510_M783_C1797
5100,4035484,351.2435,196.32,30.47,1554,3530,16,528.92,4.75,G2515_M784_C1801
5110,4043180,364.2879,195.73,30.47,1557,3537,16,528.84,4.65,G2517_M786_C1807
5120,4051008,310.3952,195.30,30.47,1560,3544,16,528.82,4.82,G2520_M789_C1811
5130,4059008,216.4849,195.96,30.47,1563,3551,16,528.89,5.02,G2524_M789_C1817
5140,4067008,169.8999,196.64,30.45,1565,3559,16,528.82,5.10,G2527_M793_C1820
5150,4075008,180.0262,197.09,30.49,1570,3564,16,528.78,5.07,G2534_M793_C1823
5160,4082844,193.4547,197.95,30.54,1576,3568,16,528.80,5.20,G2540_M793_C1827
5170,4090844,161.6995,198.02,30.54,1579,3575,16,528.78,5.30,G2544_M796_C1830
5180,4098644,167.0918,197.52,30.60,1585,3579,16,528.79,5.34,G2548_M798_C1834
5190,4106644,218.1252,197.90,30.58,1587,3587,16,528.84,5.30,G2555_M799_C1836
5200,4114644,232.9362,197.90,30.63,1593,3591,16,528.88,5.28,G2562_M801_C1837
5210,4122548,276.2683,198.42,30.63,1596,3598,16,528.92,5.22,G2568_M803_C1839
5220,4130284,417.8079,198.19,30.63,1599,3605,16,528.93,4.95,G2575_M804_C1841
5230,4138064,520.6385,197.64,30.63,1602,3612,16,528.91,4.73,G2580_M804_C1846
5240,4146064,602.0738,197.64,30.69,1608,3616,16,528.87,4.59,G2585_M807_C1848
5250,4154064,654.0334,197.64,30.65,1609,3625,16,528.89,4.48,G2588_M809_C1853
5260,4162064,570.5047,198.05,30.68,1614,3630,16,528.94,4.67,G2592_M810_C1858
5270,4169752,608.6659,197.27,30.66,1616,3638,16,528.98,4.59,G2594_M811_C1865
5280,4177752,655.3857,197.77,30.70,1621,3643,16,529.02,4.46,G2601_M812_C1867
5290,4185484,619.0211,197.10,30.76,1627,3647,16,529.04,4.51,G2601_M814_C1875
5300,4193388,566.3336,196.86,30.79,1632,3652,16,529.03,4.65,G2607_M816_C1877
5310,4201388,520.7967,197.10,30.81,1636,3658,16,528.97,4.72,G2612_M817_C1881
5320,4209388,480.1404,197.76,30.83,1640,3664,16,528.96,4.82,G2618_M818_C1884
5330,4216928,528.1535,197.16,30.84,1644,3670,16,528.99,4.72,G2625_M818_C1887
5340,4224928,466.2658,197.16,30.86,1648,3676,16,528.95,4.90,G2631_M819_C1890
5350,4232408,472.7816,195.86,30.88,1652,3682,16,528.89,4.88,G2634_M820_C1896
5360,4240408,599.7050,195.86,30.93,1658,3686,16,528.88,4.60,G2640_M821_C1899
5370,4248232,644.8325,196.20,30.97,1663,3691,16,528.92,4.48,G2643_M822_C1905
5380,4256232,551.1315,196.20,31.00,1668,3696,16,528.94,4.67,G2650_M823_C1907
5390,4264164,512.2705,196.70,31.02,1672,3702,16,528.86,4.76,G2656_M825_C1909
5400,4272132,520.0629,196.86,31.02,1675,3709,16,528.86,4.69,G2662_M826_C1912
5410,4280132,571.8997,196.86,31.02,1678,3716,16,528.87,4.61,G2665_M828_C1917
5420,4287772,593.4980,195.96,31.01,1681,3723,16,528.87,4.54,G2669_M830_C1921
5430,4295772,542.5918,197.11,31.01,1684,3730,16,528.86,4.63,G2674_M833_C1923
5440,4303772,519.7226,197.11,31.03,1688,3736,16,528.89,4.65,G2680_M835_C1925
5450,4311772,541.5644,198.41,31.05,1692,3742,16,528.95,4.63,G2687_M836_C1927
5460,4319772,454.1980,198.41,31.08,1697,3747,16,528.99,4.76,G2693_M836_C1931
5470,4327560,425.4988,198.32,31.06,1699,3755,16,528.94,4.79,G2700_M838_C1932
5480,4335440,468.5646,198.02,31.13,1706,3758,16,528.95,4.71,G2705_M839_C1936
5490,4343060,489.9894,197.24,31.15,1710,3764,16,528.94,4.70,G2709_M842_C1939
5500,4350656,522.7310,196.31,31.20,1716,3768,16,528.99,4.66,G2711_M843_C1946
5510,4358492,509.3018,195.90,31.20,1719,3775,16,529.04,4.66,G2717_M844_C1949
5520,4366236,453.8139,196.16,31.20,1722,3782,16,529.08,4.75,G2723_M845_C1952
5530,4374236,493.7265,196.16,31.18,1724,3790,16,529.11,4.71,G2729_M847_C1954
5540,4382048,590.9758,195.69,31.23,1730,3794,16,529.15,4.54,G2735_M848_C1957
5550,4390032,506.3160,195.65,31.23,1733,3801,16,529.11,4.68,G2740_M849_C1961
5560,4397760,473.1377,194.97,31.24,1737,3807,16,529.08,4.71,G2743_M850_C1967
5570,4405760,398.1308,195.50,31.31,1744,3810,16,529.10,4.93,G2749_M851_C1970
5580,4413760,429.6627,195.80,31.34,1749,3815,16,529.10,4.89,G2755_M852_C1973
5590,4421448,467.5877,195.97,31.38,1754,3820,16,529.08,4.73,G2760_M854_C1976
5600,4429160,505.8716,196.26,31.43,1760,3824,16,529.05,4.71,G2763_M856_C1981
5610,4437160,539.0297,196.67,31.46,1765,3829,16,529.07,4.69,G2770_M858_C1982
5620,4445056,585.0464,197.05,31.53,1772,3832,16,529.11,4.57,G2776_M859_C1985
5630,4453056,489.6790,197.05,31.53,1775,3839,16,529.03,4.72,G2778_M862_C1990
5640,4460924,453.4544,197.19,31.51,1777,3847,16,529.01,4.73,G2785_M862_C1993
5650,4468924,489.5890,197.23,31.49,1779,3855,16,529.05,4.62,G2789_M862_C1999
5660,4476692,525.2716,197.33,31.50,1783,3861,16,529.07,4.53,G2791_M863_C2006
5670,4484448,619.5368,196.72,31.55,1789,3865,16,529.10,4.34,G2794_M864_C2012
5680,4492084,540.9424,195.81,31.55,1792,3872,16,529.12,4.47,G2797_M865_C2018
5690,4499884,500.3464,196.09,31.53,1794,3880,16,529.13,4.56,G2802_M868_C2020
5700,4507884,411.1640,196.81,31.54,1798,3886,16,529.19,4.64,G2806_M869_C2025
5710,4515884,328.0508,196.81,31.56,1802,3892,16,529.12,4.76,G2810_M872_C2028
5720,4523224,278.9027,195.42,31.59,1807,3897,16,529.10,4.93,G2810_M872_C2038
5730,4531224,326.2484,195.42,31.57,1809,3905,16,529.10,4.87,G2816_M875_C2039
5740,4539224,318.2637,195.75,31.62,1815,3909,16,529.12,4.91,G2821_M877_C2042
5750,4547224,330.8979,195.75,31.65,1820,3914,16,529.18,4.88,G2827_M877_C2046
5760,4555224,378.8701,196.33,31.67,1824,3920,16,529.21,4.78,G2832_M879_C2049
5770,4563224,380.4014,196.94,31.66,1827,3927,16,529.24,4.80,G2837_M881_C2052
5780,4571224,462.4968,197.85,31.66,1830,3934,16,529.28,4.60,G2842_M882_C2056
5790,4579224,518.6502,198.35,31.73,1837,3937,16,529.24,4.54,G2847_M884_C2059
5800,4586960,564.3158,197.69,31.78,1843,3941,16,529.22,4.49,G2851_M885_C2064
5810,4594960,684.9199,197.69,31.82,1849,3945,16,529.20,4.33,G2857_M887_C2066
5820,4602960,742.3598,199.34,31.86,1854,3950,16,529.22,4.17,G2863_M888_C2069
5830,4610960,799.2865,199.34,31.87,1858,3956,16,529.15,4.02,G2867_M890_C2073
5840,4618960,862.2779,199.34,31.90,1863,3961,16,529.07,3.91,G2875_M892_C2073
5850,4626920,850.0810,199.24,31.98,1871,3963,16,529.08,3.94,G2879_M894_C2077
5860,4634856,845.9409,199.08,32.00,1875,3969,16,529.12,3.99,G2883_M895_C2082
5870,4642856,851.8931,199.08,32.03,1880,3974,16,529.10,3.98,G2890_M895_C2085
5880,4650856,911.6606,199.08,32.02,1883,3981,16,529.08,3.90,G2897_M895_C2088
5890,4658524,900.6119,198.25,31.99,1884,3990,16,529.10,3.90,G2903_M896_C2091
5900,4666440,886.6460,198.70,32.03,1890,3994,16,529.03,3.91,G2906_M902_C2092
5910,4674440,823.3675,198.70,32.06,1895,3999,16,529.07,3.97,G2913_M902_C2095
5920,4682220,824.5748,198.15,32.11,1901,4002,17,529.07,3.95,G2918_M905_C2097
5930,4690220,809.2112,198.15,32.14,1906,4007,17,529.11,4.00,G2922_M907_C2101
5940,4697928,790.0279,197.42,32.17,1911,4012,17,529.17,4.06,G2928_M907_C2105
5950,4705780,803.5100,197.15,32.18,1915,4018,17,529.14,4.04,G2935_M909_C2106
5960,4713780,842.4292,197.31,32.20,1919,4024,17,529.11,3.95,G2942_M910_C2108
5970,4721780,809.5238,197.31,32.24,1925,4028,17,529.14,3.94,G2949_M911_C2110
5980,4729644,772.8069,196.97,32.27,1930,4033,17,529.15,4.01,G2954_M913_C2113
5990,4737644,752.0984,197.80,32.24,1931,4042,17,529.21,4.01,G2959_M913_C2118
6000,4745644,859.1516,198.01,32.27,1936,4047,17,529.26,3.86,G2967_M914_C2119
6010,4753632,833.0072,197.98,32.31,1942,4051,17,529.31,3.88,G2971_M915_C2124
6020,4761632,773.0213,198.53,32.33,1946,4057,17,529.37,4.04,G2977_M915_C2128
6030,4769604,794.8749,198.46,32.39,1953,4060,17,529.34,4.04,G2982_M916_C2132
6040,4777416,766.5505,198.72,32.38,1956,4067,17,529.29,3.99,G2987_M918_C2135
6050,4785416,736.4694,199.09,32.36,1958,4075,17,529.28,4.02,G2991_M920_C2139
6060,4793000,742.6323,198.05,32.39,1963,4080,17,529.31,3.98,G2999_M920_C2141
6070,4800640,773.0821,197.15,32.44,1969,4084,17,529.31,3.92,G3002_M921_C2147
6080,4808428,712.4044,196.96,32.40,1970,4093,17,529.27,4.02,G3008_M924_C2148
6090,4816428,771.7333,196.96,32.41,1974,4099,17,529.31,3.95,G3016_M924_C2150
6100,4824428,679.1559,196.96,32.39,1976,4107,17,529.36,4.08,G3021_M924_C2155
6110,4832264,698.7470,196.58,32.39,1979,4114,17,529.34,4.05,G3028_M925_C2157
6120,4840184,692.8692,196.38,32.39,1982,4121,17,529.29,4.03,G3033_M926_C2161
6130,4848184,733.3600,196.45,32.38,1985,4128,17,529.29,3.94,G3041_M926_C2163
6140,4856184,696.1257,196.92,32.39,1989,4134,17,529.26,4.05,G3043_M930_C2167
6150,4864184,751.7448,196.92,32.37,1991,4142,17,529.25,3.97,G3048_M933_C2169
6160,4871860,634.8542,197.15,32.39,1995,4148,17,529.28,4.20,G3052_M934_C2174
6170,4879772,659.0201,197.83,32.41,2000,4153,17,529.28,4.16,G3055_M937_C2178
6180,4887772,664.7649,198.36,32.44,2005,4158,17,529.33,4.18,G3059_M939_C2182
6190,4895588,640.5210,197.90,32.46,2009,4163,18,529.32,4.22,G3061_M940_C2189
6200,4903588,636.1321,197.90,32.52,2016,4166,18,529.25,4.25,G3066_M942_C2192
6210,4911260,637.1236,197.49,32.48,2017,4175,18,529.26,4.27,G3071_M943_C2196
6220,4919260,703.7579,197.69,32.46,2019,4183,18,529.29,4.16,G3078_M944_C2198
6230,4927260,689.7848,197.69,32.50,2025,4187,18,529.31,4.16,G3082_M946_C2202
6240,4934928,758.3489,196.86,32.53,2030,4192,18,529.34,4.04,G3088_M948_C2204
6250,4942928,692.5497,196.86,32.51,2032,4200,18,529.38,4.17,G3094_M949_C2207
6260,4950928,717.3051,197.67,32.52,2036,4206,18,529.42,4.15,G3099_M950_C2211
6270,4958928,744.8729,197.89,32.54,2040,4212,18,529.46,4.14,G3103_M950_C2217
6280,4966928,820.8485,197.89,32.56,2045,4217,18,529.39,4.00,G3107_M952_C2221
6290,4974928,791.8322,198.35,32.58,2049,4223,18,529.35,4.06,G3111_M954_C2225
6300,4982928,759.1172,198.35,32.63,2056,4226,18,529.36,4.14,G3118_M956_C2226
6310,4990860,773.4647,199.00,32.65,2060,4232,18,529.34,4.12,G3121_M957_C2232
6320,4998704,732.8768,198.61,32.63,2062,4240,18,529.27,4.20,G3127_M959_C2234
6330,5006704,675.3260,198.61,32.62,2065,4247,18,529.27,4.29,G3133_M961_C2236
6340,5014704,594.9625,199.44,32.65,2070,4252,18,529.31,4.52,G3141_M962_C2237
6350,5022056,526.8072,197.82,32.63,2072,4260,18,529.30,4.64,G3144_M964_C2242
6360,5030056,626.9667,197.82,32.64,2076,4266,18,529.23,4.45,G3149_M965_C2246
6370,5038056,605.9576,197.82,32.67,2081,4271,18,529.23,4.43,G3154_M966_C2250
6380,5046056,612.3788,197.82,32.68,2085,4277,18,529.26,4.42,G3162_M966_C2252
6390,5054056,652.3082,197.82,32.69,2089,4283,18,529.27,4.38,G3168_M968_C2254
6400,5062056,648.1242,197.82,32.69,2092,4290,18,529.31,4.37,G3173_M968_C2259
6410,5069884,645.8354,197.56,32.73,2098,4294,18,529.34,4.39,G3175_M970_C2265
6420,5077424,686.5099,196.80,32.73,2101,4301,18,529.37,4.33,G3179_M972_C2269
6430,5085240,621.8956,196.34,32.74,2105,4307,18,529.38,4.46,G3182_M974_C2274
6440,5092792,689.5063,195.22,32.75,2109,4313,18,529.34,4.30,G3189_M975_C2276
6450,5100292,815.0747,195.59,32.74,2112,4319,19,529.32,4.07,G3192_M976_C2282
6460,5108292,767.6924,195.59,32.76,2116,4325,19,529.32,4.17,G3198_M979_C2283
6470,5116292,743.5555,195.59,32.77,2120,4331,19,529.34,4.27,G3204_M980_C2286
6480,5124044,663.1187,194.97,32.79,2125,4336,19,529.37,4.39,G3209_M982_C2289
6490,5132044,609.4314,194.97,32.80,2129,4342,19,529.41,4.40,G3214_M982_C2294
6500,5140028,620.1408,194.93,32.78,2131,4350,19,529.42,4.43,G3219_M984_C2297
6510,5147952,592.8381,195.17,32.78,2134,4357,19,529.46,4.43,G3223_M984_C2303
6520,5155952,512.1147,196.32,32.81,2139,4362,19,529.41,4.57,G3229_M986_C2305
6530,5163952,606.4041,196.78,32.77,2140,4371,19,529.37,4.39,G3231_M988_C2311
6540,5171836,604.3112,197.61,32.75,2142,4379,19,529.39,4.35,G3237_M989_C2314
6550,5179576,606.5189,198.21,32.75,2145,4386,19,529.39,4.34,G3242_M990_C2318
6560,5187472,623.4985,197.95,32.79,2151,4390,19,529.35,4.26,G3246_M990_C2324
6570,5195128,675.9521,197.09,32.82,2156,4395,19,529.27,4.16,G3251_M992_C2327
6580,5202620,688.0970,196.44,32.84,2161,4400,19,529.19,4.15,G3256_M994_C2330
6590,5210620,743.7050,196.44,32.85,2165,4406,19,529.07,4.03,G3259_M998_C2333
6600,5218288,760.4052,195.65,32.88,2170,4411,19,528.98,3.91,G3263_M1001_C2336
6610,5226288,833.4409,195.84,32.90,2175,4416,19,528.95,3.81,G3269_M1003_C2338
6620,5233940,845.4764,194.97,32.92,2179,4422,19,528.93,3.74,G3271_M1007_C2342
6630,5241816,781.9457,194.66,32.94,2184,4427,19,528.94,3.88,G3276_M1008_C2346
6640,5249552,722.7302,194.29,32.98,2190,4431,19,528.95,4.07,G3279_M1009_C2352
6650,5257204,718.5483,194.07,33.01,2195,4436,19,528.92,4.06,G3281_M1014_C2355
6660,5265204,705.3393,194.33,33.02,2199,4442,19,528.99,4.10,G3288_M1014_C2358
6670,5272912,654.1292,194.46,33.06,2205,4446,19,529.00,4.22,G3294_M1015_C2361
6680,5280816,683.6241,195.49,33.10,2211,4450,19,528.94,4.14,G3299_M1017_C2364
6690,5288816,618.9910,195.49,33.11,2215,4456,19,528.94,4.30,G3304_M1018_C2368
6700,5296816,640.8369,196.32,33.12,2219,4462,19,528.98,4.30,G3309_M1018_C2373
6710,5304732,585.5863,196.11,33.11,2222,4468,20,529.01,4.42,G3313_M1019_C2378
6720,5312352,605.1561,196.03,33.08,2223,4477,20,529.01,4.40,G3318_M1021_C2381
6730,5319892,645.5503,195.19,33.12,2229,4481,20,528.98,4.25,G3322_M1024_C2384
6740,5327456,669.4224,194.76,33.16,2235,4485,20,528.92,4.11,G3325_M1025_C2390
6750,5335456,641.2367,195.63,33.20,2241,4489,20,528.85,4.18,G3330_M1028_C2392
6760,5343456,639.1067,195.63,33.25,2248,4492,20,528.79,4.17,G3336_M1030_C2394
6770,5351456,604.3041,196.36,33.29,2254,4496,20,528.80,4.16,G3340_M1031_C2399
6780,5359368,618.0147,196.38,33.30,2258,4502,20,528.82,4.18,G3345_M1032_C2403
6790,5366712,675.4964,194.74,33.36,2265,4505,20,528.82,4.04,G3350_M1034_C2406
6800,5374712,683.9623,194.74,33.41,2272,4508,20,528.83,3.99,G3353_M1036_C2411
6810,5382504,763.1582,194.43,33.47,2279,4511,20,528.85,3.84,G3356_M1038_C2416
6820,5390504,818.6232,195.38,33.50,2285,4515,20,528.90,3.77,G3360_M1038_C2422
6830,5398404,883.8333,196.28,33.50,2288,4522,20,528.89,3.69,G3366_M1040_C2424
6840,5406404,962.1235,197.37,33.52,2293,4527,20,528.77,3.63,G3372_M1043_C2425
6850,5414020,1028.1273,196.41,33.55,2298,4532,20,528.76,3.48,G3378_M1044_C2428
6860,5422020,1054.2290,196.41,33.54,2301,4539,20,528.78,3.46,G3385_M1045_C2430
6870,5430020,1071.6094,196.41,33.54,2304,4546,20,528.74,3.53,G3387_M1048_C2435
6880,5438020,1108.8547,196.63,33.56,2309,4551,20,528.72,3.49,G3392_M1051_C2437
6890,5445808,1157.7607,197.74,33.58,2314,4556,20,528.76,3.45,G3396_M1052_C2442
6900,5453316,1277.5120,196.51,33.61,2319,4561,20,528.80,3.34,G3402_M1053_C2445
6910,5461316,1266.7855,197.03,33.63,2324,4566,20,528.79,3.38,G3406_M1055_C2449
6920,5469316,1283.3008,197.03,33.67,2330,4570,20,528.70,3.36,G3409_M1059_C2452
6930,5477316,1274.4619,197.28,33.71,2336,4574,20,528.68,3.41,G3415_M1061_C2454
6940,5485316,1281.9671,197.28,33.73,2341,4579,20,528.72,3.35,G3422_M1061_C2457
6950,5493316,1291.4079,198.24,33.76,2346,4584,20,528.74,3.35,G3426_M1062_C2462
6960,5501316,1327.1686,198.24,33.78,2351,4589,20,528.72,3.34,G3432_M1065_C2463
6970,5509156,1356.6931,197.84,33.80,2356,4594,20,528.74,3.18,G3435_M1068_C2467
6980,5517156,1371.9987,197.84,33.87,2364,4596,20,528.78,3.12,G3438_M1070_C2472
6990,5524792,1320.1435,197.46,33.92,2371,4599,20,528.77,3.24,G3445_M1072_C2473
7000,5532288,1234.0555,197.43,33.94,2376,4604,20,528.73,3.31,G3450_M1074_C2476
7010,5540128,1149.1927,197.03,33.98,2382,4608,20,528.74,3.40,G3453_M1074_C2483
7020,5547912,1180.1439,196.49,34.03,2389,4610,21,528.78,3.40,G3458_M1074_C2488
7030,5555912,1157.5100,196.49,34.04,2393,4616,21,528.78,3.43,G3463_M1074_C2493
7040,5563912,1131.2868,196.49,34.11,2401,4618,21,528.72,3.55,G3467_M1075_C2498
7050,5571912,1095.0018,196.49,34.11,2405,4624,21,528.65,3.63,G3474_M1076_C2500
7060,5579880,1010.9811,196.41,34.11,2408,4631,21,528.69,3.66,G3480_M1077_C2503
7070,5587880,958.5146,196.81,34.14,2414,4635,21,528.66,3.83,G3485_M1078_C2507
7080,5595880,921.4978,196.81,34.18,2420,4639,21,528.60,3.92,G3490_M1079_C2511
7090,5603880,867.7203,197.72,34.16,2422,4647,21,528.58,3.95,G3495_M1081_C2514
7100,5611880,861.2732,198.98,34.15,2425,4654,21,528.59,3.97,G3501_M1083_C2516
7110,5619880,909.1270,199.38,34.18,2430,4659,21,528.61,3.93,G3507_M1083_C2520
7120,5627424,826.5489,198.78,34.21,2436,4662,22,528.61,4.00,G3512_M1084_C2524
7130,5635020,746.3755,197.77,34.18,2437,4671,22,528.65,4.12,G3519_M1084_C2527
7140,5643020,650.6830,197.77,34.16,2439,4679,22,528.68,4.21,G3523_M1087_C2530
7150,5650952,564.4335,197.60,34.14,2441,4687,22,528.68,4.34,G3530_M1088_C2532
7160,5658952,567.7209,197.68,34.16,2446,4692,22,528.60,4.39,G3536_M1090_C2534
7170,5666548,611.8670,196.67,34.20,2452,4696,22,528.61,4.29,G3543_M1091_C2536
7180,5674520,636.8137,196.60,34.26,2460,4698,22,528.64,4.22,G3551_M1092_C2537
7190,5682520,706.7087,196.60,34.28,2465,4702,23,528.65,4.15,G3554_M1094_C2542
7200,5690104,689.6988,195.56,34.31,2470,4707,23,528.67,4.18,G3558_M1096_C2546
7210,5698104,679.6014,195.56,34.33,2475,4712,23,528.70,4.18,G3563_M1098_C2549
7220,5706064,703.7141,196.60,34.35,2480,4717,23,528.75,4.17,G3567_M1099_C2554
7230,5714064,769.5568,197.61,34.40,2487,4720,23,528.77,4.15,G3571_M1100_C2559
7240,5721944,834.5656,197.31,34.42,2492,4725,23,528.74,4.12,G3578_M1100_C2562
7250,5729360,925.3283,196.02,34.41,2495,4732,23,528.74,3.99,G3583_M1101_C2566
7260,5737360,924.3133,196.02,34.44,2500,4737,23,528.77,4.00,G3588_M1102_C2570
7270,5744460,931.1197,194.78,34.48,2507,4739,24,528.74,4.08,G3590_M1105_C2575
7280,5752128,856.1168,194.02,34.48,2510,4746,24,528.69,4.20,G3593_M1106_C2581
7290,5760128,894.5191,194.02,34.50,2515,4751,24,528.62,4.13,G3600_M1109_C2581
7300,5767852,887.2689,194.37,34.55,2522,4754,24,528.59,4.19,G3605_M1110_C2585
7310,5775792,907.5048,194.22,34.54,2525,4761,24,528.50,4.14,G3611_M1112_C2587
7320,5783724,880.3487,194.15,34.56,2530,4766,24,528.42,4.17,G3614_M1115_C2591
7330,5791160,986.6042,192.74,34.64,2539,4767,24,528.38,3.97,G3619_M1118_C2593
7340,5799160,994.7339,193.04,34.66,2544,4772,24,528.39,3.88,G3624_M1120_C2596
7350,5806900,1013.8198,193.85,34.71,2551,4774,25,528.38,3.86,G3629_M1123_C2598
7360,5814900,1024.6124,193.85,34.74,2557,4778,25,528.39,3.83,G3636_M1123_C2601
7370,5822812,1055.9804,195.88,34.78,2563,4782,25,528.42,3.71,G3642_M1124_C2604
7380,5830812,1110.9728,196.71,34.80,2568,4787,25,528.46,3.61,G3646_M1126_C2608
7390,5838344,1036.5975,195.54,34.80,2572,4793,25,528.47,3.67,G3651_M1127_C2612
7400,5846344,1032.2259,196.23,34.78,2574,4801,25,528.44,3.63,G3657_M1127_C2616
7410,5854228,1043.4387,196.09,34.80,2579,4806,25,528.41,3.63,G3662_M1130_C2618
7420,5861900,1098.0057,195.44,34.84,2585,4810,25,528.43,3.56,G3667_M1131_C2622
7430,5869900,1047.2133,196.85,34.90,2593,4811,26,528.46,3.63,G3672_M1131_C2627
7440,5877900,1027.4823,196.85,34.95,2600,4814,26,528.49,3.72,G3676_M1132_C2632
7450,5885900,1009.3911,197.50,34.91,2601,4823,26,528.52,3.73,G3681_M1134_C2635
7460,5893900,1025.1849,197.50,34.95,2607,4827,26,528.57,3.77,G3684_M1135_C2641
7470,5901484,1006.3590,196.68,34.97,2612,4832,26,528.59,3.81,G3688_M1136_C2646
7480,5909484,1050.6659,196.68,35.00,2618,4836,26,528.56,3.79,G3694_M1137_C2649
7490,5917412,1113.9648,197.67,35.06,2626,4838,26,528.55,3.77,G3699_M1137_C2654
7500,5925412,1138.7212,197.67,35.07,2630,4844,26,528.57,3.74,G3703_M1139_C2658
7510,5933128,1145.2531,197.25,35.13,2638,4846,26,528.58,3.78,G3706_M1140_C2664
7520,5940916,1035.9568,197.54,35.12,2641,4853,26,528.53,4.04,G3711_M1141_C2668
7530,5948652,1001.9444,196.88,35.11,2644,4860,26,528.51,4.05,G3716_M1142_C2672
7540,5956604,960.2881,196.76,35.11,2647,4867,26,528.56,4.21,G3720_M1143_C2677
7550,5964604,885.4106,196.76,35.13,2652,4872,26,528.54,4.38,G3722_M1145_C2683
7560,5972360,962.0460,196.15,35.16,2658,4876,26,528.48,4.21,G3726_M1147_C2687
7570,5980008,949.1866,196.31,35.19,2664,4880,26,528.46,4.21,G3730_M1148_C2692
7580,5987916,869.8205,196.08,35.24,2671,4883,26,528.46,4.29,G3734_M1150_C2696
7590,5995916,788.6228,196.26,35.24,2675,4888,27,528.46,4.54,G3741_M1152_C2697
7600,6003916,832.2978,196.26,35.29,2682,4891,27,528.45,4.48,G3746_M1154_C2700
7610,6011608,869.5468,196.20,35.35,2690,4893,27,528.49,4.40,G3754_M1154_C2702
7620,6019216,973.9935,195.75,35.39,2697,4896,27,528.52,4.10,G3759_M1156_C2705
7630,6026532,989.7219,194.70,35.43,2703,4900,27,528.55,4.06,G3763_M1159_C2708
7640,6034288,1039.9974,194.21,35.43,2707,4906,27,528.53,3.80,G3768_M1159_C2713
7650,6042288,1087.9825,194.21,35.46,2713,4908,29,528.48,3.67,G3773_M1161_C2716
7660,6050288,1002.4058,194.82,35.48,2718,4913,29,528.49,3.76,G3779_M1164_C2717
7670,6057816,1009.1733,194.52,35.53,2725,4916,29,528.50,3.73,G3785_M1166_C2719
7680,6065732,1018.1262,194.54,35.56,2731,4920,29,528.54,3.70,G3791_M1166_C2723
7690,6073732,1132.0483,194.54,35.59,2737,4924,29,528.58,3.41,G3799_M1166_C2725
7700,6081668,1091.3849,194.38,35.62,2743,4928,29,528.60,3.45,G3804_M1168_C2728
7710,6089668,1042.4380,195.15,35.65,2749,4932,29,528.63,3.50,G3811_M1170_C2729
7720,6097668,1032.0794,196.13,35.66,2753,4937,30,528.60,3.55,G3817_M1172_C2731
7730,6105668,1036.7965,197.84,35.67,2757,4942,31,528.56,3.57,G3823_M1174_C2733
7740,6113216,1141.2175,197.32,35.71,2764,4945,31,528.58,3.47,G3827_M1175_C2738
7750,6121216,1179.4279,197.32,35.73,2769,4950,31,528.61,3.40,G3834_M1175_C2741
7760,6129216,1201.1632,197.32,35.71,2771,4958,31,528.64,3.38,G3840_M1175_C2745
7770,6136924,1224.4045,197.77,35.73,2776,4963,31,528.63,3.36,G3846_M1177_C2747
7780,6144520,1248.2242,196.97,35.77,2783,4966,31,528.67,3.32,G3849_M1177_C2754
7790,6152520,1159.3555,196.97,35.76,2786,4973,31,528.72,3.49,G3856_M1177_C2757
7800,6160340,1109.3613,196.68,35.81,2793,4976,31,528.69,3.58,G3859_M1178_C2763
7810,6167944,1061.2187,195.69,35.84,2799,4980,31,528.63,3.66,G3864_M1180_C2766
7820,6175944,1056.0733,195.69,35.87,2805,4984,31,528.61,3.71,G3867_M1183_C2770
7830,6183612,988.0445,194.86,35.93,2813,4986,31,528.61,3.87,G3871_M1186_C2773
7840,6191412,903.2926,195.49,35.97,2820,4989,31,528.57,3.98,G3874_M1190_C2776
7850,6199412,937.6147,195.49,36.00,2826,4993,31,528.54,3.97,G3879_M1193_C2778
7860,6207104,994.7560,194.72,36.04,2833,4996,31,528.59,3.93,G3884_M1194_C2782
7870,6214700,1057.5901,194.44,36.09,2840,4999,31,528.64,3.85,G3890_M1194_C2786
7880,6222472,1041.5519,194.88,36.10,2845,5004,31,528.62,3.87,G3895_M1196_C2789
7890,6230240,1149.5506,194.30,36.13,2851,5008,31,528.58,3.70,G3902_M1197_C2791
7900,6237904,1213.7574,193.91,36.15,2856,5011,33,528.59,3.63,G3908_M1197_C2795
7910,6245632,1293.3526,194.22,36.16,2860,5017,33,528.62,3.50,G3914_M1197_C2799
7920,6253620,1341.2379,194.19,36.16,2864,5023,33,528.65,3.40,G3920_M1198_C2802
7930,6261536,1410.0431,194.81,36.22,2872,5025,33,528.63,3.22,G3923_M1202_C2805
7940,6269536,1377.2928,195.31,36.23,2877,5030,33,528.67,3.28,G3928_M1204_C2808
7950,6277536,1409.5523,195.31,36.26,2883,5034,33,528.71,3.23,G3934_M1205_C2811
7960,6285412,1322.2878,195.77,36.28,2888,5039,33,528.73,3.35,G3940_M1206_C2814
7970,6293412,1216.5404,196.78,36.27,2891,5046,33,528.71,3.53,G3945_M1206_C2819
7980,6300952,1131.0297,196.20,36.30,2897,5050,33,528.69,3.71,G3949_M1208_C2823
7990,6308752,1064.3296,196.28,36.31,2901,5056,33,528.71,3.81,G3954_M1209_C2827
8000,6316592,1090.6886,196.72,36.34,2907,5060,33,528.68,3.77,G3961_M1211_C2828
8010,6324592,1137.3184,197.40,36.34,2911,5066,33,528.64,3.73,G3967_M1211_C2832
8020,6332180,1058.2131,196.40,36.36,2916,5071,33,528.58,3.79,G3971_M1213_C2836
8030,6339880,1062.2330,195.86,36.39,2922,5075,33,528.54,3.83,G3977_M1214_C2839
8040,6347204,1119.7914,194.17,36.46,2931,5076,33,528.52,3.73,G3980_M1215_C2845
8050,6354568,1034.9389,192.58,36.48,2937,5080,33,528.51,3.82,G3984_M1216_C2850
8060,6362284,1049.4009,192.18,36.51,2943,5084,33,528.48,3.83,G3988_M1218_C2854
8070,6370044,1033.0997,191.58,36.54,2949,5088,33,528.49,3.85,G3992_M1219_C2859
8080,6377928,1106.6127,192.44,36.55,2953,5094,33,528.50,3.73,G3997_M1220_C2863
8090,6385772,1057.4177,192.55,36.54,2956,5101,33,528.49,3.74,G4001_M1222_C2867
8100,6393424,1011.6087,192.08,36.56,2961,5106,33,528.53,3.81,G4008_M1222_C2870
8110,6401424,947.9013,192.08,36.58,2967,5110,33,528.54,3.88,G4015_M1225_C2870
8120,6409424,975.5479,193.11,36.64,2975,5111,34,528.55,3.89,G4019_M1227_C2874
8130,6417424,951.9460,193.86,36.65,2980,5116,34,528.50,3.86,G4024_M1228_C2878
8140,6425424,912.4698,195.55,36.67,2985,5121,34,528.50,3.92,G4028_M1229_C2883
8150,6433336,851.7980,196.92,36.70,2991,5125,34,528.54,4.01,G4033_M1229_C2888
8160,6441336,905.3029,197.63,36.70,2995,5131,34,528.56,3.92,G4039_M1230_C2891
8170,6449336,967.5282,198.23,36.71,2999,5137,34,528.59,3.83,G4047_M1230_C2893
8180,6456920,985.6386,197.48,36.75,3006,5140,34,528.59,3.83,G4050_M1233_C2897
8190,6464808,1018.7740,197.59,36.73,3008,5148,34,528.63,3.83,G4054_M1234_C2902
8200,6472808,913.9761,198.46,36.74,3013,5153,34,528.64,4.00,G4059_M1237_C2904
8210,6480808,873.2312,198.46,36.77,3019,5157,34,528.60,4.07,G4064_M1239_C2907
8220,6488632,819.1563,198.02,36.80,3025,5161,34,528.58,4.18,G4066_M1241_C2913
8230,6496408,824.8235,197.46,36.79,3028,5168,34,528.61,4.26,G4070_M1241_C2919
8240,6504044,862.8223,196.55,36.83,3035,5171,34,528.60,4.20,G4075_M1243_C2922
8250,6511456,922.1375,195.30,36.84,3039,5177,34,528.57,4.10,G4078_M1244_C2928
8260,6519348,904.6296,195.03,36.85,3044,5182,34,528.57,4.07,G4085_M1244_C2931
8270,6527292,969.1822,194.89,36.88,3050,5186,34,528.59,3.98,G4092_M1246_C2932
8280,6535180,1001.8105,195.65,36.93,3058,5188,34,528.61,3.90,G4097_M1247_C2936
8290,6543180,1023.6858,195.93,36.95,3063,5193,34,528.58,3.85,G4106_M1247_C2937
8300,6551100,1133.6969,195.73,36.98,3069,5197,34,528.53,3.64,G4108_M1250_C2942
8310,6559036,1118.4280,195.57,37.00,3075,5201,34,528.56,3.61,G4112_M1250_C2948
8320,6566664,1222.7930,195.08,37.04,3082,5204,34,528.58,3.41,G4119_M1250_C2951
8330,6574664,1167.8066,195.64,37.05,3086,5210,34,528.59,3.44,G4123_M1251_C2956
8340,6582664,1126.3637,196.55,37.07,3092,5214,34,528.59,3.49,G4129_M1253_C2958
8350,6590396,1105.5735,197.35,37.08,3096,5220,34,528.63,3.55,G4134_M1254_C2962
8360,6598288,1066.9685,197.35,37.12,3103,5223,34,528.69,3.66,G4137_M1254_C2969
8370,6606288,1044.1457,197.49,37.16,3110,5226,34,528.65,3.69,G4144_M1255_C2971
8380,6613552,998.4570,195.93,37.20,3117,5229,34,528.61,3.74,G4149_M1257_C2974
8390,6621504,988.8375,195.81,37.26,3126,5230,34,528.61,3.76,G4153_M1260_C2977
8400,6628908,938.7302,194.52,37.29,3132,5233,35,528.63,3.84,G4156_M1261_C2983
8410,6636752,967.1458,194.29,37.31,3138,5237,35,528.63,3.93,G4162_M1264_C2984
8420,6644404,785.3166,194.35,37.34,3144,5241,35,528.65,4.34,G4164_M1266_C2990
8430,6652404,776.6825,194.35,37.39,3152,5243,35,528.69,4.48,G4170_M1267_C2993
8440,6660404,750.5413,194.35,37.42,3158,5247,35,528.71,4.57,G4174_M1270_C2996
8450,6668404,760.4233,195.02,37.43,3163,5252,35,528.68,4.50,G4180_M1272_C2998
8460,6676096,721.4804,194.52,37.47,3170,5255,35,528.64,4.57,G4183_M1275_C3002
8470,6683436,653.1611,192.87,37.50,3176,5259,35,528.63,4.66,G4184_M1278_C3008
8480,6691320,625.8154,194.42,37.52,3182,5263,35,528.62,4.68,G4186_M1281_C3013
8490,6698864,593.6997,193.40,37.53,3186,5269,35,528.63,4.74,G4193_M1283_C3014
8500,6706248,663.5363,193.35,37.56,3193,5272,35,528.61,4.66,G4198_M1286_C3016
8510,6714012,654.4870,193.15,37.61,3201,5274,35,528.63,4.61,G4200_M1286_C3024
8520,6721692,844.5474,193.22,37.65,3208,5277,35,528.63,4.18,G4206_M1287_C3027
8530,6729356,917.5735,192.38,37.66,3212,5283,35,528.63,4.02,G4213_M1287_C3030
8540,6736720,941.8433,190.79,37.70,3220,5285,35,528.59,3.93,G4215_M1289_C3036
8550,6744548,999.5313,190.36,37.73,3226,5289,35,528.59,3.85,G4220_M1289_C3041
8560,6752548,1101.0382,191.13,37.77,3233,5292,35,528.60,3.65,G4225_M1290_C3045
8570,6759308,1066.7538,189.68,37.82,3241,5294,35,528.61,3.68,G4226_M1291_C3053
8580,6767308,1144.5939,189.97,37.84,3247,5298,35,528.60,3.60,G4233_M1293_C3054
8590,6774980,1134.1047,190.29,37.88,3254,5301,35,528.58,3.58,G4237_M1295_C3058
8600,6782888,1122.0621,191.60,37.88,3258,5307,35,528.52,3.56,G4243_M1296_C3061
8610,6790760,1085.5131,191.87,37.91,3264,5311,35,528.52,3.58,G4246_M1297_C3067
8620,6798760,1017.6319,192.67,37.90,3267,5318,35,528.49,3.62,G4254_M1298_C3068
8630,6806632,1015.4441,193.19,37.89,3270,5325,35,528.49,3.62,G4260_M1299_C3071
8640,6814304,1066.8439,193.96,37.92,3276,5329,35,528.52,3.53,G4266_M1299_C3075
8650,6822096,1005.0367,193.87,37.91,3279,5336,35,528.53,3.57,G4270_M1301_C3079
8660,6829900,939.4587,193.38,37.96,3287,5338,35,528.53,3.66,G4274_M1303_C3083
8670,6837900,998.3911,196.48,38.00,3295,5340,35,528.54,3.61,G4281_M1306_C3083
8680,6845900,947.8995,196.48,38.00,3298,5347,35,528.57,3.62,G4288_M1308_C3084
8690,6853540,1012.1594,196.40,38.01,3303,5351,36,528.59,3.51,G4294_M1310_C3086
8700,6861540,1031.3581,196.63,38.00,3306,5358,36,528.56,3.48,G4300_M1311_C3089
8710,6869388,1098.8599,196.57,38.04,3313,5361,36,528.55,3.39,G4306_M1311_C3093
8720,6877388,1114.0033,196.57,38.05,3318,5366,36,528.54,3.39,G4310_M1315_C3095
8730,6885104,1148.0826,196.18,38.06,3323,5370,37,528.52,3.31,G4315_M1316_C3099
8740,6893028,1101.7724,196.81,38.11,3331,5372,37,528.46,3.43,G4319_M1319_C3102
8750,6900660,1101.4493,196.41,38.16,3339,5374,37,528.39,3.52,G4323_M1322_C3105
8760,6908340,1133.7327,196.10,38.20,3346,5377,37,528.37,3.46,G4330_M1322_C3108
8770,6916340,1122.2679,196.10,38.22,3352,5381,37,528.28,3.45,G4335_M1326_C3109
8780,6923860,1113.4906,194.90,38.28,3361,5382,37,528.22,3.51,G4337_M1329_C3114
8790,6931584,1095.8657,195.11,38.32,3368,5385,37,528.21,3.57,G4342_M1332_C3116
8800,6939584,1109.7549,195.11,38.36,3376,5387,37,528.23,3.61,G4348_M1332_C3120
8810,6947184,1131.4181,194.49,38.41,3384,5389,37,528.23,3.61,G4354_M1334_C3122
8820,6955184,1165.6163,194.49,38.44,3390,5393,37,528.21,3.57,G4358_M1337_C3125
8830,6962980,1129.4958,194.69,38.48,3398,5395,37,528.26,3.63,G4364_M1337_C3129
8840,6970576,1164.1770,193.87,38.48,3402,5401,37,528.30,3.57,G4371_M1338_C3131
8850,6978576,1178.2168,194.79,38.49,3406,5407,37,528.29,3.58,G4376_M1340_C3134
8860,6986280,1248.3383,194.85,38.52,3413,5410,37,528.25,3.52,G4383_M1341_C3136
8870,6993828,1238.3708,193.72,38.56,3420,5413,37,528.25,3.54,G4387_M1343_C3140
8880,7001288,1244.7310,193.57,38.60,3428,5415,37,528.27,3.52,G4391_M1344_C3145
8890,7008580,1262.5185,192.49,38.62,3433,5420,37,528.27,3.50,G4395_M1347_C3148
8900,7015744,1211.7212,190.40,38.65,3440,5423,37,528.28,3.54,G4400_M1349_C3151
8910,7023472,1180.2430,190.72,38.68,3446,5427,37,528.30,3.56,G4406_M1350_C3154
8920,7030744,1174.3120,188.90,38.73,3455,5428,37,528.32,3.62,G4409_M1351_C3160
8930,7038440,1205.9783,188.65,38.77,3462,5431,37,528.35,3.54,G4415_M1353_C3162
8940,7045828,1176.8294,188.13,38.79,3468,5435,37,528.32,3.61,G4419_M1355_C3166
8950,7053252,1150.6168,186.69,38.80,3473,5440,37,528.28,3.61,G4424_M1358_C3168
8960,7060792,1058.1290,186.28,38.83,3479,5444,37,528.28,3.70,G4427_M1360_C3173
8970,7068316,1070.7253,186.22,38.85,3485,5448,37,528.29,3.72,G4430_M1362_C3178
8980,7075900,1134.5835,186.53,38.89,3492,5451,37,528.29,3.66,G4433_M1363_C3184
8990,7083384,1086.9329,187.01,38.92,3499,5454,37,528.29,3.68,G4438_M1365_C3187
9000,7090636,1043.2649,187.23,38.97,3507,5456,37,528.31,3.71,G4442_M1365_C3193
9010,7098424,1038.9606,187.38,38.96,3510,5463,37,528.32,3.70,G4447_M1366_C3197
9020,7106340,968.0385,188.99,38.95,3513,5470,37,528.26,3.76,G4453_M1369_C3198
9030,7114040,886.2879,189.00,38.97,3519,5474,37,528.20,3.91,G4456_M1372_C3202
9040,7121988,853.6238,190.40,39.00,3526,5477,37,528.22,3.95,G4462_M1372_C3206
9050,7129552,860.1263,190.75,39.03,3532,5481,37,528.22,3.96,G4468_M1374_C3208
9060,7137476,866.8503,191.71,39.03,3536,5487,37,528.22,4.01,G4473_M1376_C3211
9070,7145228,847.7508,192.28,39.02,3539,5494,37,528.20,3.94,G4480_M1379_C3211
9080,7153228,808.5857,193.32,39.02,3543,5500,37,528.24,3.97,G4487_M1380_C3213
9090,7160796,825.3272,193.53,39.00,3545,5508,37,528.27,3.95,G4493_M1382_C3215
9100,7168796,907.8931,195.40,39.03,3552,5511,37,528.27,3.91,G4500_M1383_C3217
9110,7176796,923.9688,195.93,39.09,3561,5512,37,528.23,3.90,G4506_M1385_C3219
9120,7184640,1005.3865,195.75,39.11,3567,5516,37,528.23,3.80,G4511_M1387_C3222
9130,7192268,1114.8045,195.57,39.11,3571,5522,37,528.26,3.62,G4518_M1387_C3225
9140,7199828,1233.3084,194.60,39.14,3577,5526,37,528.29,3.45,G4525_M1387_C3228
9150,7206844,1278.7730,193.23,39.18,3585,5528,37,528.27,3.38,G4527_M1390_C3233
9160,7214844,1248.7514,193.42,39.19,3590,5532,38,528.31,3.39,G4532_M1390_C3238
9170,7222844,1256.0356,194.04,39.17,3592,5540,38,528.34,3.40,G4537_M1392_C3241
9180,7230776,1260.7094,193.87,39.18,3597,5545,38,528.35,3.39,G4541_M1393_C3246
9190,7238368,1372.3403,193.93,39.19,3602,5550,38,528.34,3.31,G4548_M1394_C3248
9200,7246296,1354.1625,193.75,39.23,3609,5553,38,528.30,3.32,G4554_M1397_C3249
9210,7254296,1300.6279,193.75,39.22,3612,5560,38,528.34,3.37,G4559_M1397_C3254
9220,7262148,1238.4146,193.77,39.25,3619,5563,38,528.35,3.48,G4565_M1398_C3257
9230,7269940,1137.0950,194.18,39.24,3622,5569,39,528.38,3.64,G4571_M1398_C3261
9240,7277940,1088.7763,195.28,39.25,3627,5574,39,528.39,3.67,G4575_M1400_C3265
9250,7285236,1090.7109,195.98,39.29,3634,5577,39,528.41,3.60,G4579_M1401_C3270
9260,7292948,1117.5917,195.26,39.31,3640,5581,39,528.44,3.60,G4585_M1403_C3272
9270,7300848,1063.2891,195.01,39.31,3644,5587,39,528.38,3.69,G4589_M1404_C3277
9280,7308848,1101.5269,195.18,39.33,3650,5591,39,528.33,3.66,G4596_M1406_C3278
9290,7316848,1033.7587,196.20,39.36,3657,5594,39,528.34,3.68,G4598_M1407_C3285
9300,7324556,963.2741,195.65,39.34,3659,5602,39,528.35,3.78,G4603_M1409_C3288
9310,7332424,1010.9018,195.32,39.38,3666,5605,39,528.34,3.76,G4607_M1411_C3292
9320,7340100,1051.8707,194.88,39.42,3674,5606,40,528.37,3.70,G4612_M1411_C3297
9330,7348100,1124.2802,195.40,39.45,3681,5609,40,528.41,3.59,G4619_M1411_C3300
9340,7356100,1179.8691,195.40,39.45,3685,5615,40,528.45,3.53,G4627_M1412_C3301
9350,7363756,1213.4560,196.30,39.50,3693,5617,40,528.44,3.55,G4633_M1412_C3305
9360,7371560,1196.2279,196.53,39.51,3698,5622,40,528.41,3.55,G4636_M1412_C3312
9370,7379352,1233.3210,196.26,39.51,3702,5628,40,528.43,3.51,G4640_M1413_C3317
9380,7387352,1259.1822,196.26,39.56,3711,5629,40,528.46,3.48,G4649_M1413_C3318
9390,7395352,1238.4591,196.26,39.60,3718,5632,40,528.46,3.57,G4654_M1415_C3321
9400,7403352,1323.2957,196.99,39.63,3725,5635,40,528.45,3.45,G4660_M1417_C3323
9410,7411352,1361.4816,197.32,39.64,3730,5640,40,528.49,3.38,G4664_M1417_C3329
9420,7419352,1351.9991,198.13,39.66,3736,5644,40,528.53,3.38,G4669_M1418_C3333
9430,7427352,1323.2930,198.13,39.71,3745,5645,40,528.53,3.47,G4677_M1418_C3335
9440,7434832,1269.3485,196.83,39.74,3751,5649,40,528.50,3.52,G4681_M1420_C3339
9450,7442832,1310.1264,197.69,39.77,3758,5652,40,528.50,3.47,G4689_M1422_C3339
9460,7450448,1354.5871,197.22,39.79,3764,5656,40,528.50,3.34,G4693_M1426_C3341
9470,7458084,1398.0304,196.83,39.82,3771,5659,40,528.48,3.36,G4697_M1426_C3347
9480,7466084,1398.2453,196.83,39.84,3777,5663,40,528.43,3.34,G4706_M1427_C3347
9490,7474084,1432.1897,196.83,39.85,3782,5668,40,528.39,3.25,G4713_M1428_C3349
9500,7481380,1419.5283,195.07,39.87,3788,5672,40,528.36,3.27,G4718_M1429_C3353
9510,7489380,1384.6962,195.07,39.88,3793,5677,40,528.30,3.29,G4724_M1430_C3356
9520,7497380,1465.6405,195.07,39.89,3798,5682,40,528.26,3.22,G4732_M1432_C3356
9530,7505380,1508.0534,195.07,39.93,3805,5685,40,528.26,3.12,G4738_M1434_C3358
9540,7513380,1563.6084,196.37,39.95,3811,5689,40,528.25,3.10,G4743_M1437_C3360
9550,7521180,1502.4190,195.87,39.97,3817,5693,40,528.21,3.17,G4746_M1441_C3363
9560,7529180,1479.9018,196.83,39.98,3822,5698,40,528.21,3.28,G4751_M1442_C3367
9570,7537180,1415.3952,197.74,40.00,3828,5702,40,528.14,3.35,G4757_M1444_C3369
9580,7545180,1254.4285,197.74,40.01,3833,5707,40,528.10,3.63,G4761_M1445_C3374
9590,7553180,1159.7463,197.74,40.04,3840,5710,40,528.06,3.77,G4764_M1447_C3379
9600,7561180,1206.6019,199.50,40.08,3848,5712,40,528.01,3.70,G4768_M1452_C3380
9610,7569180,1182.7435,199.50,40.10,3854,5716,40,528.04,3.83,G4774_M1453_C3383
9620,7576736,1134.4401,198.39,40.14,3861,5718,41,528.07,3.87,G4779_M1453_C3388
9630,7584492,1164.3511,197.78,40.18,3869,5720,41,528.07,3.83,G4785_M1455_C3390
9640,7592112,1067.1147,196.83,40.20,3875,5724,41,528.10,3.98,G4790_M1455_C3395
9650,7599996,1039.7374,197.04,40.24,3883,5726,41,528.14,4.05,G4791_M1456_C3403
9660,7607996,1087.7745,197.04,40.24,3887,5732,41,528.18,3.95,G4795_M1456_C3409
9670,7615956,1191.7287,196.94,40.28,3895,5734,41,528.16,3.80,G4801_M1458_C3411
9680,7623956,1335.7551,196.94,40.32,3903,5736,41,528.16,3.58,G4807_M1459_C3414
9690,7631956,1482.7903,196.94,40.37,3912,5737,41,528.18,3.45,G4813_M1460_C3417
9700,7639956,1464.4216,196.94,40.38,3917,5742,41,528.19,3.44,G4820_M1462_C3418
9710,7647640,1522.2878,196.15,40.41,3924,5745,41,528.19,3.31,G4822_M1464_C3424
9720,7655640,1442.8577,197.26,40.43,3930,5749,41,528.21,3.44,G4826_M1465_C3429
9730,7663640,1374.7365,197.87,40.43,3934,5755,41,528.23,3.55,G4834_M1466_C3430
9740,7671640,1438.0158,198.82,40.45,3940,5759,41,528.23,3.43,G4839_M1468_C3433
9750,7679640,1507.9267,199.11,40.46,3945,5764,41,528.17,3.32,G4844_M1471_C3435
9760,7687636,1451.5852,199.10,40.46,3949,5770,41,528.15,3.46,G4849_M1472_C3439
9770,7695636,1377.1241,199.20,40.46,3953,5776,41,528.16,3.54,G4856_M1473_C3441
9780,7703580,1262.7322,199.06,40.47,3958,5781,41,528.18,3.65,G4861_M1473_C3446
9790,7711308,1178.3880,198.38,40.47,3962,5787,41,528.16,3.67,G4865_M1476_C3449
9800,7719308,1216.6400,198.38,40.49,3968,5791,41,528.18,3.66,G4873_M1476_C3451
9810,7727308,1163.3510,199.17,40.50,3973,5796,41,528.21,3.70,G4879_M1478_C3453
9820,7735276,1202.6112,199.09,40.53,3980,5799,41,528.25,3.63,G4884_M1478_C3458
9830,7743276,1255.7631,199.09,40.57,3988,5801,41,528.20,3.60,G4892_M1480_C3458
9840,7751004,1200.8810,198.41,40.58,3993,5806,41,528.20,3.62,G4897_M1480_C3463
9850,7758672,1163.9199,197.58,40.61,4000,5809,41,528.23,3.67,G4904_M1481_C3465
9860,7766672,1244.1997,197.59,40.64,4007,5812,41,528.22,3.51,G4910_M1484_C3466
9870,7774672,1317.2476,197.59,40.65,4012,5817,41,528.23,3.40,G4915_M1486_C3469
9880,7782320,1334.3638,196.85,40.68,4019,5820,41,528.26,3.38,G4919_M1486_C3475
9890,7789984,1396.1960,196.69,40.72,4027,5822,41,528.30,3.35,G4924_M1486_C3480
9900,7797896,1347.6445,196.47,40.75,4034,5825,41,528.34,3.42,G4930_M1486_C3484
9910,7805640,1389.9914,195.83,40.75,4038,5831,41,528.32,3.30,G4935_M1488_C3487
9920,7813248,1471.7582,194.93,40.79,4046,5833,41,528.30,3.18,G4941_M1489_C3490
9930,7821248,1486.2865,194.93,40.80,4051,5838,41,528.32,3.10,G4947_M1490_C3493
9940,7828504,1603.2647,193.75,40.85,4060,5839,41,528.34,3.02,G4952_M1491_C3497
9950,7836504,1609.2727,194.58,40.85,4065,5844,41,528.29,2.98,G4956_M1494_C3500
9960,7844504,1661.9777,194.58,40.89,4073,5846,41,528.24,2.89,G4964_M1495_C3501
9970,7852272,1617.3878,194.00,40.89,4077,5852,41,528.24,2.91,G4966_M1500_C3504
9980,7860272,1669.1168,194.88,40.89,4081,5858,41,528.27,2.84,G4971_M1501_C3508
9990,7867888,1608.3027,194.76,40.91,4087,5861,42,528.22,2.91,G4976_M1502_C3512
10000,7875340,1595.1211,193.61,40.94,4094,5864,42,528.16,2.94,G4980_M1504_C3516
10010,7883040,1613.7919,193.50,40.96,4100,5868,42,528.15,2.96,G4985_M1507_C3518
10020,7890640,1576.4619,193.48,40.97,4105,5873,42,528.14,2.99,G4990_M1510_C3520
10030,7898640,1523.0385,193.48,40.96,4108,5880,42,528.14,3.03,G4994_M1512_C3524
10040,7906268,1408.1789,194.41,40.99,4115,5883,42,528.12,3.15,G4995_M1516_C3529
10050,7914268,1400.9991,194.41,41.03,4124,5884,42,528.14,3.18,G5002_M1518_C3530
10060,7921936,1318.7909,193.58,41.09,4134,5884,42,528.18,3.30,G5007_M1520_C3533
10070,7929936,1403.1402,194.16,41.14,4143,5885,42,528.13,3.24,G5013_M1523_C3534
10080,7937564,1380.0226,193.23,41.17,4150,5888,42,528.09,3.26,G5017_M1525_C3538
10090,7945128,1364.2994,193.10,41.21,4158,5890,42,528.09,3.25,G5021_M1528_C3541
10100,7952904,1331.5709,193.91,41.23,4164,5894,42,528.11,3.31,G5024_M1529_C3547
10110,7960592,1346.9388,193.88,41.27,4172,5896,42,528.12,3.31,G5030_M1530_C3550
10120,7968592,1400.2664,194.88,41.30,4180,5898,42,528.11,3.26,G5036_M1533_C3551
10130,7976044,1394.6328,193.51,41.33,4187,5901,42,528.12,3.33,G5038_M1535_C3557
10140,7983496,1463.0808,193.07,41.38,4196,5902,42,528.15,3.23,G5043_M1536_C3561
10150,7991496,1506.9588,193.07,41.41,4203,5905,42,528.13,3.14,G5050_M1538_C3562
10160,7998844,1531.3850,192.27,41.41,4207,5911,42,528.11,3.11,G5055_M1539_C3566
10170,8006696,1490.4078,191.90,41.43,4213,5915,42,528.09,3.15,G5060_M1542_C3568
10180,8014212,1559.6288,191.62,41.46,4221,5917,42,528.08,3.07,G5063_M1546_C3571
10190,8021644,1564.4141,191.29,41.50,4229,5919,42,528.03,3.08,G5066_M1549_C3575
10200,8029644,1581.1265,191.85,41.52,4235,5923,42,527.99,3.02,G5071_M1551_C3578
10210,8037232,1584.8723,191.60,41.55,4242,5926,42,528.01,3.00,G5077_M1552_C3581
10220,8045000,1577.9081,191.02,41.58,4249,5929,42,528.02,3.00,G5083_M1554_C3583
10230,8053000,1587.3856,192.39,41.58,4254,5934,42,527.99,2.95,G5090_M1556_C3584
10240,8061000,1601.8199,193.76,41.60,4260,5938,42,527.97,2.93,G5097_M1556_C3587
10250,8068496,1592.9447,192.50,41.60,4264,5944,42,527.98,3.04,G5102_M1556_C3592
10260,8076496,1565.3344,194.13,41.61,4269,5949,42,528.00,3.10,G5110_M1557_C3593
10270,8084236,1602.3035,193.85,41.66,4278,5950,42,528.02,3.08,G5114_M1557_C3599
10280,8091984,1558.6865,194.43,41.68,4285,5953,42,528.03,3.14,G5118_M1558_C3604
10290,8099984,1574.2872,195.85,41.71,4292,5956,42,528.05,3.13,G5122_M1560_C3608
10300,8107984,1584.3439,195.85,41.71,4296,5962,42,528.07,3.13,G5126_M1562_C3612
10310,8115584,1552.3532,195.88,41.74,4303,5965,42,528.07,3.20,G5133_M1563_C3614
10320,8123584,1556.5863,196.46,41.75,4309,5969,42,528.05,3.19,G5136_M1566_C3618
10330,8130716,1579.4304,194.29,41.77,4315,5972,43,528.04,3.13,G5138_M1569_C3623
10340,8138716,1614.8006,194.29,41.80,4322,5975,43,528.05,3.11,G5145_M1571_C3624
10350,8145896,1632.5371,193.50,41.85,4331,5976,43,528.06,3.02,G5149_M1572_C3629
10360,8153432,1601.5211,192.34,41.85,4336,5981,43,528.07,3.04,G5153_M1573_C3634
10370,8161432,1546.0598,192.99,41.88,4343,5984,43,528.10,3.12,G5155_M1573_C3642
10380,8169320,1533.0415,193.34,41.90,4349,5988,43,528.11,3.14,G5160_M1576_C3644
10390,8176432,1528.5315,191.12,41.92,4356,5991,43,528.13,3.10,G5162_M1578_C3650
10400,8184212,1530.3209,190.57,41.92,4360,5997,43,528.11,3.04,G5167_M1580_C3653
10410,8192212,1480.7480,191.57,41.95,4367,6000,43,528.05,3.11,G5171_M1585_C3654
10420,8200088,1424.9077,191.26,41.97,4373,6004,43,528.08,3.15,G5177_M1585_C3658
10430,8208088,1371.5219,193.43,41.98,4378,6009,43,528.08,3.23,G5182_M1587_C3661
10440,8216088,1330.7606,193.43,42.01,4386,6011,43,528.08,3.29,G5187_M1589_C3664
10450,8223228,1287.0097,193.33,42.04,4393,6014,43,528.08,3.34,G5191_M1591_C3668
10460,8231228,1354.9176,194.49,42.07,4400,6017,43,528.10,3.26,G5197_M1592_C3671
10470,8238972,1328.1131,193.85,42.07,4405,6022,43,528.10,3.24,G5202_M1594_C3674
10480,8246972,1373.4083,194.13,42.11,4413,6024,43,528.11,3.18,G5208_M1594_C3678
10490,8254856,1426.4306,196.06,42.13,4419,6028,43,528.13,3.18,G5213_M1594_C3683
10500,8262592,1466.5185,195.95,42.16,4427,6030,43,528.14,3.15,G5219_M1595_C3686
10510,8270592,1522.4304,195.95,42.19,4434,6033,43,528.15,3.04,G5224_M1597_C3689
10520,8278592,1580.1467,196.26,42.20,4439,6037,44,528.16,3.01,G5228_M1598_C3694
10530,8286140,1634.4021,195.13,42.22,4446,6040,44,528.17,2.95,G5232_M1599_C3699
10540,8293916,1694.3840,194.57,42.27,4455,6041,44,528.18,2.90,G5237_M1601_C3702
10550,8301384,1674.4735,195.39,42.27,4460,6046,44,528.22,2.93,G5240_M1602_C3708
10560,8309256,1623.3783,195.07,42.28,4465,6051,44,528.19,3.03,G5247_M1604_C3709
10570,8317256,1703.1379,195.71,42.31,4472,6053,45,528.12,2.95,G5251_M1607_C3712
10580,8325164,1729.3670,195.48,42.36,4482,6053,45,528.12,2.91,G5256_M1610_C3714
10590,8332388,1697.0243,193.83,42.40,4490,6055,45,528.12,2.94,G5260_M1613_C3717
10600,8340388,1658.7745,194.49,42.42,4496,6059,45,528.14,3.02,G5268_M1613_C3719
10610,8348388,1670.2513,194.49,42.45,4504,6061,45,528.15,3.02,G5272_M1615_C3723
10620,8355956,1606.4181,193.41,42.46,4509,6065,46,528.17,3.14,G5277_M1616_C3727
10630,8363412,1633.0380,193.18,42.48,4516,6068,46,528.18,3.12,G5282_M1619_C3729
10640,8371044,1522.9582,192.82,42.52,4524,6070,46,528.16,3.23,G5285_M1621_C3734
10650,8379044,1545.0577,194.15,42.54,4531,6073,46,528.14,3.24,G5292_M1621_C3737
10660,8387024,1558.9413,194.42,42.57,4538,6076,46,528.14,3.17,G5297_M1623_C3740
10670,8395024,1512.5619,194.42,42.59,4544,6080,46,528.14,3.22,G5303_M1624_C3743
10680,8402956,1513.7395,194.48,42.60,4550,6084,46,528.14,3.20,G5311_M1625_C3744
10690,8410956,1527.9086,196.42,42.63,4557,6087,46,528.13,3.13,G5316_M1628_C3746
10700,8418472,1569.8727,195.21,42.66,4565,6089,46,528.13,3.04,G5319_M1630_C3751
10710,8426472,1598.4989,195.21,42.68,4571,6093,46,528.14,3.04,G5325_M1632_C3753
10720,8434472,1597.3513,196.29,42.68,4575,6099,46,528.13,2.99,G5331_M1633_C3756
10730,8442268,1560.4054,197.14,42.71,4583,6101,46,528.11,3.02,G5335_M1633_C3762
10740,8450268,1538.7635,198.06,42.75,4591,6103,46,528.09,3.07,G5339_M1636_C3765
10750,8458268,1553.8879,198.06,42.78,4599,6105,46,528.05,3.03,G5343_M1642_C3765
10760,8466268,1610.3303,198.11,42.82,4607,6107,46,528.06,3.05,G5351_M1642_C3767
10770,8473324,1626.6368,195.75,42.87,4617,6107,46,528.07,3.05,G5354_M1644_C3772
10780,8481128,1646.4186,195.43,42.90,4625,6109,46,528.08,3.05,G5359_M1646_C3775
10790,8488856,1607.4619,194.75,42.91,4630,6114,46,528.09,3.17,G5364_M1649_C3777
10800,8496856,1602.5320,195.96,42.95,4639,6115,46,528.07,3.21,G5368_M1651_C3781
10810,8504856,1597.3622,195.96,42.99,4647,6117,46,528.04,3.18,G5374_M1652_C3784
10820,8512516,1620.5173,195.11,43.01,4654,6120,46,528.04,3.15,G5379_M1654_C3787
10830,8520076,1575.5934,194.52,43.05,4662,6122,46,528.05,3.19,G5381_M1655_C3794
10840,8527476,1640.7052,193.02,43.09,4671,6122,47,528.05,3.09,G5386_M1658_C3796
10850,8535476,1657.2008,193.02,43.12,4678,6124,48,528.07,3.06,G5392_M1658_C3800
10860,8543084,1575.8579,192.04,43.13,4684,6128,48,528.08,3.08,G5395_M1661_C3804
10870,8550672,1615.7608,193.37,43.16,4692,6130,48,528.09,3.05,G5400_M1663_C3807
10880,8558248,1638.1623,192.80,43.22,4702,6130,48,528.08,3.04,G5406_M1664_C3810
10890,8565680,1602.3926,192.06,43.24,4709,6133,48,528.04,3.08,G5408_M1667_C3815
10900,8573680,1576.3364,192.06,43.27,4716,6136,48,528.01,3.10,G5411_M1669_C3820
10910,8581212,1474.5174,190.89,43.29,4723,6139,48,528.01,3.25,G5416_M1670_C3824
10920,8589016,1443.9137,191.25,43.34,4733,6139,48,528.02,3.33,G5418_M1670_C3832
10930,8596376,1488.0582,190.75,43.36,4739,6143,48,528.00,3.25,G5424_M1670_C3836
10940,8604376,1543.8145,192.25,43.36,4744,6148,48,528.00,3.19,G5432_M1670_C3838
10950,8611980,1448.0446,191.26,43.36,4748,6154,48,528.01,3.25,G5440_M1671_C3839
10960,8619724,1469.0826,191.60,43.38,4754,6158,48,528.02,3.27,G5447_M1672_C3841
10970,8627436,1408.6488,191.91,43.40,4761,6161,48,527.99,3.31,G5452_M1673_C3845
10980,8635036,1315.0780,191.97,43.43,4769,6163,48,527.98,3.38,G5457_M1674_C3849
10990,8643036,1400.7426,193.39,43.48,4778,6164,48,527.98,3.27,G5462_M1676_C3852
11000,8651036,1474.6741,193.39,43.52,4787,6165,48,528.00,3.18,G5468_M1677_C3855
11010,8657784,1502.1325,191.43,43.55,4795,6167,48,528.03,3.10,G5471_M1677_C3862
11020,8664944,1553.1734,189.82,43.58,4802,6170,48,528.03,2.98,G5473_M1679_C3868
11030,8672944,1505.2526,191.42,43.60,4809,6173,48,528.05,3.12,G5479_M1682_C3869
11040,8680400,1426.2270,190.06,43.61,4815,6177,48,528.08,3.18,G5483_M1683_C3874
11050,8688104,1478.2765,190.31,43.63,4821,6181,48,528.06,3.15,G5485_M1687_C3878
11060,8695608,1468.9958,189.71,43.64,4827,6185,48,528.02,3.10,G5488_M1690_C3882
11070,8703464,1476.9742,190.07,43.67,4834,6188,48,528.03,3.07,G5493_M1693_C3884
11080,8711036,1527.8514,190.00,43.69,4841,6190,49,528.05,3.06,G5498_M1694_C3888
11090,8718928,1573.5055,189.73,43.73,4850,6191,49,528.06,3.01,G5505_M1696_C3889
11100,8726368,1447.3184,188.33,43.76,4857,6194,49,528.09,3.16,G5508_M1697_C3895
11110,8733820,1453.5583,190.09,43.79,4865,6196,49,528.10,3.15,G5512_M1699_C3899
11120,8741668,1397.4894,191.81,43.80,4871,6200,49,528.12,3.28,G5520_M1701_C3899
11130,8749272,1450.2101,190.82,43.85,4880,6201,49,528.14,3.17,G5525_M1701_C3904
11140,8756436,1496.8932,190.09,43.88,4888,6203,49,528.11,3.10,G5529_M1703_C3908
11150,8764268,1483.8697,190.41,43.90,4895,6206,49,528.10,3.16,G5533_M1704_C3913
11160,8771604,1503.9012,189.99,43.92,4901,6210,49,528.09,3.15,G5539_M1706_C3915
11170,8779604,1480.1173,190.35,43.92,4906,6215,49,528.07,3.16,G5545_M1708_C3917
11180,8787604,1525.5743,191.42,43.96,4915,6216,49,528.05,3.09,G5553_M1709_C3918
11190,8794928,1521.1219,190.00,43.97,4920,6221,49,528.02,3.08,G5558_M1710_C3922
11200,8802928,1635.6720,191.40,43.98,4926,6225,49,528.00,2.94,G5566_M1710_C3924
11210,8810056,1706.5290,190.59,44.01,4933,6228,49,527.98,2.89,G5571_M1710_C3929
11220,8817408,1761.8860,189.35,44.03,4940,6231,49,527.95,2.79,G5575_M1711_C3934
11230,8825408,1801.9439,190.34,44.03,4945,6235,50,527.93,2.74,G5579_M1712_C3939
11240,8833156,1710.9472,191.80,44.05,4951,6239,50,527.95,2.89,G5582_M1713_C3945
11250,8840980,1690.5856,191.78,44.05,4956,6244,50,527.94,2.88,G5585_M1716_C3949
11260,8848656,1666.8095,192.63,44.08,4963,6247,50,527.95,2.89,G5589_M1718_C3953
11270,8856356,1712.2547,191.88,44.08,4968,6251,51,527.98,2.88,G5595_M1718_C3957
11280,8864356,1686.2115,191.88,44.10,4974,6255,51,528.00,2.88,G5603_M1720_C3957
11290,8871784,1629.6293,192.14,44.10,4979,6260,51,528.02,2.90,G5607_M1722_C3961
11300,8879784,1596.4357,192.14,44.13,4987,6262,51,528.00,2.92,G5612_M1723_C3965
11310,8886992,1571.7829,192.34,44.17,4996,6263,51,527.98,2.97,G5617_M1724_C3969
11320,8894992,1560.2568,193.96,44.20,5004,6265,51,528.00,2.99,G5623_M1725_C3972
11330,8902680,1514.6333,193.18,44.24,5012,6267,51,528.01,3.06,G5628_M1726_C3976
11340,8910680,1634.3034,193.81,44.24,5017,6270,53,528.04,2.93,G5635_M1726_C3979
11350,8918680,1723.9773,194.25,44.27,5025,6271,54,528.07,2.82,G5643_M1727_C3980
11360,8926468,1782.1808,194.53,44.30,5032,6274,54,528.06,2.78,G5646_M1730_C3984
11370,8934144,1779.9059,194.47,44.30,5037,6279,54,528.07,2.79,G5652_M1732_C3986
11380,8942144,1729.4385,194.47,44.31,5043,6283,54,528.04,2.89,G5656_M1735_C3989
11390,8949612,1718.9531,194.57,44.35,5051,6285,54,528.00,2.91,G5660_M1738_C3992
11400,8956604,1690.9502,192.05,44.39,5060,6286,54,527.99,2.94,G5662_M1741_C3997
11410,8963900,1704.4862,192.27,44.41,5067,6289,54,527.98,2.89,G5668_M1743_C3999
11420,8971900,1786.3920,192.27,44.43,5074,6292,54,527.98,2.81,G5676_M1744_C4000
11430,8979648,1814.7505,192.42,44.45,5081,6295,54,527.96,2.80,G5681_M1747_C4002
11440,8987264,1758.5029,191.46,44.48,5088,6298,54,527.98,2.85,G5689_M1747_C4004
11450,8993936,1751.8883,188.14,44.51,5096,6300,54,528.01,2.84,G5693_M1747_C4010
11460,9001312,1656.8525,187.11,44.50,5100,6306,54,528.00,2.91,G5698_M1749_C4013
11470,9009312,1692.9571,187.92,44.54,5109,6307,54,527.97,2.88,G5704_M1750_C4016
11480,9017080,1752.1829,187.34,44.56,5116,6310,54,527.95,2.78,G5711_M1752_C4017
11490,9025080,1820.6069,188.67,44.58,5122,6314,54,527.96,2.72,G5716_M1753_C4021
11500,9032788,1825.9625,190.46,44.57,5126,6320,54,527.95,2.69,G5721_M1756_C4023
11510,9040160,1817.6613,190.65,44.61,5135,6320,55,527.98,2.72,G5728_M1756_C4026
11520,9047780,1856.5792,189.70,44.65,5144,6321,55,528.00,2.69,G5735_M1757_C4028
11530,9055580,1865.5695,189.83,44.68,5152,6323,55,528.01,2.68,G5739_M1760_C4031
11540,9063232,1888.6989,189.92,44.71,5160,6325,55,528.01,2.68,G5744_M1763_C4033
11550,9071232,1912.0147,193.24,44.72,5165,6330,55,527.99,2.65,G5750_M1765_C4035
11560,9078944,2029.3163,194.08,44.77,5175,6330,55,527.97,2.58,G5753_M1767_C4040
11570,9086692,2010.2036,193.45,44.79,5182,6333,55,527.98,2.60,G5759_M1768_C4043
11580,9094384,1928.6529,193.26,44.82,5190,6335,55,527.98,2.69,G5763_M1771_C4046
11590,9102060,1897.9040,192.45,44.86,5199,6336,55,528.00,2.73,G5769_M1774_C4047
11600,9109528,1974.7879,191.85,44.88,5206,6339,55,528.02,2.70,G5774_M1775_C4051
11610,9117528,1938.9923,193.42,44.90,5213,6342,55,528.04,2.71,G5778_M1776_C4056
11620,9125528,1876.2932,194.37,44.92,5220,6345,55,528.07,2.75,G5784_M1777_C4059
11630,9133276,1877.3342,194.24,44.97,5230,6345,55,528.05,2.70,G5791_M1778_C4061
11640,9141276,1863.2240,195.11,45.00,5238,6345,57,528.03,2.72,G5797_M1779_C4064
11650,9149276,1859.4807,195.11,45.00,5243,6350,57,528.02,2.76,G5804_M1781_C4065
11660,9157276,1880.5863,195.83,45.03,5251,6352,57,528.02,2.70,G5809_M1783_C4068
11670,9165008,1844.2375,195.79,45.05,5257,6356,57,528.00,2.77,G5813_M1784_C4073
11680,9173008,1914.7929,196.56,45.07,5264,6359,57,527.95,2.67,G5818_M1786_C4076
11690,9180520,1922.4109,196.15,45.08,5270,6363,57,527.90,2.68,G5823_M1788_C4079
11700,9188520,1947.6036,197.48,45.10,5277,6366,57,527.87,2.67,G5831_M1789_C4080
11710,9196136,1923.6591,196.52,45.10,5281,6372,57,527.84,2.72,G5837_M1791_C4082
11720,9203764,1835.5655,195.59,45.09,5285,6378,57,527.81,2.82,G5838_M1794_C4088
11730,9211764,1774.1626,196.22,45.12,5293,6380,57,527.80,2.94,G5839_M1797_C4094
11740,9219152,1773.0106,194.69,45.16,5302,6381,57,527.80,2.92,G5842_M1801_C4097
11750,9226436,1748.2945,192.90,45.18,5309,6384,57,527.82,2.91,G5849_M1801_C4100
11760,9233852,1697.3932,191.44,45.20,5315,6388,57,527.82,2.93,G5854_M1804_C4102
11770,9241796,1779.5025,191.97,45.23,5323,6390,57,527.84,2.81,G5861_M1805_C4104
11780,9249796,1802.9473,191.97,45.25,5330,6393,57,527.86,2.81,G5866_M1806_C4108
11790,9257532,1809.2388,192.53,45.29,5340,6393,57,527.82,2.84,G5871_M1809_C4110
11800,9264728,1766.8752,190.52,45.31,5346,6397,57,527.81,2.83,G5877_M1811_C4112
11810,9272484,1817.1440,190.87,45.31,5351,6402,57,527.83,2.76,G5882_M1812_C4116
11820,9280484,1934.1654,191.80,45.33,5358,6405,57,527.85,2.66,G5888_M1812_C4120
11830,9287952,2021.1111,190.47,45.33,5363,6410,57,527.87,2.51,G5894_M1814_C4122
11840,9295952,2021.8416,192.00,45.36,5371,6412,57,527.87,2.53,G5898_M1817_C4125
11850,9303664,2075.1954,193.07,45.40,5380,6413,57,527.90,2.51,G5902_M1817_C4131
11860,9311492,2106.7235,194.10,45.42,5387,6416,57,527.91,2.53,G5907_M1819_C4134
11870,9319092,2037.8186,193.24,45.44,5394,6419,57,527.89,2.59,G5911_M1821_C4138
11880,9326656,2047.5715,192.15,45.48,5403,6420,57,527.88,2.56,G5917_M1822_C4141
11890,9334656,2086.3465,192.81,45.52,5412,6421,57,527.87,2.49,G5924_M1824_C4142
11900,9342656,2108.0381,194.82,45.55,5420,6422,58,527.87,2.50,G5929_M1825_C4146
11910,9350360,2173.7267,194.69,45.57,5427,6425,58,527.84,2.43,G5934_M1828_C4148
11920,9357956,2159.3763,193.68,45.60,5436,6426,58,527.81,2.41,G5939_M1829_C4152
11930,9365940,2123.1075,194.97,45.62,5443,6429,58,527.80,2.44,G5941_M1833_C4156
11940,9373752,2123.2842,194.50,45.64,5450,6432,58,527.82,2.44,G5942_M1835_C4163
11950,9381752,2126.8452,195.22,45.68,5459,6433,58,527.79,2.43,G5946_M1836_C4168
11960,9389160,2106.1503,194.17,45.70,5466,6436,58,527.73,2.43,G5949_M1841_C4170
11970,9396788,2133.5134,194.24,45.73,5474,6437,59,527.75,2.42,G5952_M1841_C4177
11980,9404408,2059.1273,194.38,45.77,5483,6438,59,527.76,2.49,G5958_M1842_C4180
11990,9412408,1992.9379,194.38,45.79,5490,6441,59,527.77,2.55,G5963_M1845_C4182
12000,9419948,1989.2046,193.23,45.82,5498,6443,59,527.78,2.55,G5970_M1846_C4184
12010,9427948,1955.0620,193.97,45.85,5506,6445,59,527.82,2.62,G5974_M1846_C4190
12020,9435948,1891.7733,194.98,45.86,5512,6449,59,527.85,2.75,G5980_M1846_C4194
12030,9443164,1890.3786,193.06,45.87,5518,6453,59,527.83,2.76,G5984_M1850_C4196
12040,9451164,1953.7523,193.53,45.91,5527,6454,59,527.84,2.75,G5991_M1850_C4199
12050,9459164,1857.7181,193.53,45.93,5534,6455,61,527.82,2.83,G5996_M1851_C4203
12060,9466156,1775.4006,192.49,45.90,5536,6463,61,527.83,2.89,G6002_M1851_C4207
12070,9473980,1754.2284,192.98,45.92,5543,6466,61,527.77,2.87,G6005_M1856_C4209
12080,9481656,1702.8723,193.12,45.95,5551,6468,61,527.78,2.96,G6009_M1856_C4215
12090,9489656,1718.2566,193.12,45.97,5558,6471,61,527.76,2.96,G6014_M1857_C4219
12100,9497264,1683.5702,193.29,46.00,5566,6473,61,527.76,3.01,G6018_M1860_C4222
12110,9505056,1708.5461,192.77,46.03,5574,6474,62,527.76,2.99,G6024_M1861_C4225
12120,9512656,1709.4301,191.77,46.06,5583,6475,62,527.74,2.95,G6029_M1864_C4227
12130,9519896,1647.8992,191.83,46.11,5593,6475,62,527.75,3.07,G6032_M1864_C4234
12140,9527080,1572.7128,189.79,46.13,5600,6478,62,527.75,3.09,G6038_M1866_C4236
12150,9534736,1619.5604,188.93,46.16,5609,6479,62,527.71,3.04,G6040_M1870_C4240
12160,9542424,1666.4013,190.67,46.18,5616,6482,62,527.67,3.07,G6044_M1873_C4243
12170,9550424,1693.1131,191.11,46.19,5621,6487,62,527.68,3.06,G6052_M1873_C4245
12180,9558272,1701.1332,191.54,46.21,5628,6490,62,527.70,3.05,G6056_M1874_C4250
12190,9565632,1714.3633,189.94,46.23,5635,6493,62,527.69,3.01,G6060_M1875_C4255
12200,9573632,1720.8099,190.92,46.22,5639,6498,63,527.65,2.94,G6068_M1877_C4255
12210,9580744,1636.0867,189.22,46.26,5648,6498,64,527.64,3.00,G6072_M1878_C4260
12220,9588744,1607.0069,190.22,46.28,5655,6501,64,527.64,3.00,G6077_M1880_C4263
12230,9596388,1628.0878,191.23,46.31,5664,6502,64,527.65,2.96,G6080_M1881_C4269
12240,9604388,1582.0848,193.27,46.33,5671,6504,65,527.67,3.06,G6086_M1881_C4273
12250,9612388,1590.1155,194.13,46.37,5680,6505,65,527.69,3.03,G6092_M1882_C4276
12260,9620052,1614.4415,194.07,46.39,5687,6508,65,527.72,2.97,G6099_M1882_C4279
12270,9627372,1555.0713,192.37,46.39,5692,6513,65,527.69,3.02,G6104_M1886_C4280
12280,9634648,1600.2053,190.94,46.42,5700,6515,65,527.69,2.93,G6109_M1888_C4283
12290,9642448,1556.5143,192.04,46.44,5708,6517,65,527.65,2.97,G6112_M1890_C4288
12300,9650340,1500.2421,191.77,46.46,5715,6520,65,527.62,3.05,G6117_M1893_C4290
12310,9657992,1526.5894,193.12,46.48,5722,6523,65,527.63,3.00,G6121_M1893_C4296
12320,9665992,1531.7219,193.12,46.50,5729,6526,65,527.63,3.02,G6128_M1893_C4299
12330,9673620,1603.7691,193.08,46.53,5737,6527,66,527.63,2.98,G6135_M1893_C4302
12340,9681328,1679.3469,192.35,46.56,5745,6529,66,527.62,2.87,G6140_M1896_C4304
12350,9689328,1690.3313,192.35,46.58,5753,6531,66,527.61,2.89,G6147_M1898_C4305
12360,9697176,1672.6039,192.81,46.59,5759,6535,66,527.57,2.88,G6151_M1899_C4310
12370,9705176,1741.3423,194.51,46.62,5767,6537,66,527.55,2.85,G6157_M1900_C4313
12380,9713112,1742.9546,196.16,46.64,5774,6539,67,527.53,2.84,G6161_M1902_C4317
12390,9721112,1601.7951,196.66,46.66,5781,6542,67,527.51,3.09,G6162_M1904_C4324
12400,9729112,1683.2947,196.93,46.68,5788,6545,67,527.48,3.03,G6169_M1905_C4326
12410,9736740,1609.8639,196.87,46.67,5792,6551,67,527.46,3.11,G6173_M1907_C4330
12420,9744460,1570.2239,196.17,46.68,5798,6555,67,527.47,3.13,G6177_M1907_C4336
12430,9751180,1487.3730,193.90,46.69,5803,6560,67,527.45,3.12,G6180_M1910_C4340
12440,9759180,1487.8829,194.63,46.70,5809,6564,67,527.40,3.13,G6189_M1910_C4341
12450,9766248,1443.1773,192.30,46.72,5817,6566,67,527.36,3.13,G6194_M1912_C4344
12460,9773708,1461.9615,191.33,46.76,5826,6567,67,527.35,3.14,G6198_M1912_C4350
12470,9781708,1440.6927,191.33,46.77,5832,6571,67,527.33,3.14,G6203_M1914_C4353
12480,9789344,1447.0257,190.58,46.79,5840,6573,67,527.31,3.17,G6207_M1916_C4357
12490,9796960,1553.1071,189.62,46.82,5848,6575,67,527.30,2.94,G6208_M1918_C4364
12500,9804584,1488.3218,188.68,46.82,5853,6579,68,527.31,2.99,G6211_M1919_C4370
12510,9812488,1589.1165,189.37,46.86,5862,6580,68,527.28,2.89,G6218_M1920_C4372
12520,9820488,1697.3858,190.07,46.88,5870,6582,68,527.21,2.80,G6221_M1924_C4375
12530,9828236,1687.0684,192.64,46.91,5878,6584,68,527.21,2.94,G6224_M1924_C4382
12540,9835812,1739.5484,191.58,46.93,5885,6586,69,527.21,2.87,G6229_M1924_C4387
12550,9843728,1784.3261,193.70,46.96,5894,6587,69,527.22,2.86,G6235_M1925_C4390
12560,9851416,1794.1181,194.27,46.97,5900,6591,69,527.21,2.81,G6240_M1926_C4394
12570,9859416,1826.5398,194.27,46.99,5907,6594,69,527.21,2.79,G6248_M1926_C4396
12580,9867220,1855.4958,194.69,47.03,5916,6595,69,527.21,2.77,G6253_M1926_C4401
12590,9875220,1994.6930,195.65,47.05,5924,6597,69,527.17,2.67,G6258_M1927_C4405
12600,9882976,2014.0505,195.98,47.06,5930,6600,70,527.13,2.65,G6263_M1929_C4408
12610,9890760,1987.8426,195.68,47.09,5938,6602,70,527.12,2.69,G6270_M1930_C4410
12620,9898760,1999.4573,195.68,47.12,5946,6604,70,527.10,2.69,G6275_M1932_C4413
12630,9906760,2162.9663,196.31,47.15,5955,6605,70,527.06,2.46,G6282_M1933_C4415
12640,9914280,2120.0218,196.17,47.18,5963,6607,70,527.01,2.50,G6288_M1934_C4418
12650,9921904,2110.8828,195.44,47.20,5971,6609,70,526.95,2.50,G6293_M1936_C4421
12660,9929904,2080.2475,196.22,47.22,5978,6612,70,526.92,2.56,G6297_M1937_C4426
12670,9937552,2068.6167,195.34,47.26,5988,6612,70,526.87,2.58,G6302_M1939_C4429
12680,9945384,2047.5333,195.41,47.29,5996,6614,70,526.84,2.58,G6306_M1939_C4435
12690,9953384,1969.8316,195.41,47.31,6004,6616,70,526.82,2.66,G6311_M1940_C4439
12700,9961384,1935.2431,196.02,47.32,6010,6618,72,526.79,2.74,G6314_M1944_C4442
12710,9969384,1943.2019,196.56,47.34,6017,6621,72,526.78,2.73,G6320_M1946_C4444
12720,9977384,1853.5573,196.56,47.33,6021,6626,73,526.77,2.80,G6324_M1949_C4447
12730,9984120,1756.8384,193.40,47.38,6031,6626,73,526.78,2.86,G6327_M1949_C4454
12740,9992036,1756.6415,194.39,47.42,6041,6626,73,526.75,2.89,G6332_M1951_C4457
12750,10000036,1738.8744,195.33,47.44,6049,6627,74,526.71,2.91,G6339_M1952_C4459
